topicId,topicTitle,slotId,slotLabel,slotPurpose,referenceId,referenceTitle,category,platform,score,reason
"summer-vitality","春夏生命力写真","materialReference","素材参考","图片、视频、平台链接和本地示例图，只负责看画面/找素材，不承担姿势或调色决策。","pexels","Pexels","免费商用图片/视频","Pexels","15","命中选题关键词/场景；匹配素材参考；高优先级参考"
"summer-vitality","春夏生命力写真","materialReference","素材参考","图片、视频、平台链接和本地示例图，只负责看画面/找素材，不承担姿势或调色决策。","pixabay","Pixabay","免费商用图片/视频","Pixabay","15","命中选题关键词/场景；匹配素材参考；高优先级参考"
"summer-vitality","春夏生命力写真","materialReference","素材参考","图片、视频、平台链接和本地示例图，只负责看画面/找素材，不承担姿势或调色决策。","00-笔记索引-夏天就要拍草地和蓝天呀-文艺胶片风-26","夏天就要拍草地和蓝天呀！📷文艺胶片风","综合参考","小红书/Obsidian","15","命中选题关键词/场景；匹配素材参考"
"summer-vitality","春夏生命力写真","materialReference","素材参考","图片、视频、平台链接和本地示例图，只负责看画面/找素材，不承担姿势或调色决策。","asset-摄影姿势库-姿势示意图-坐姿-pexels-06-阳光台阶-jpg","pexels_06_阳光台阶","姿势/引导","本地素材","14","命中选题关键词/场景；匹配素材参考"
"summer-vitality","春夏生命力写真","materialReference","素材参考","图片、视频、平台链接和本地示例图，只负责看画面/找素材，不承担姿势或调色决策。","asset-摄影姿势库-汉服-园林汉服-示例图-pose-01-jpg","pose_01","国风/汉服","本地素材","14","匹配素材参考"
"summer-vitality","春夏生命力写真","materialReference","素材参考","图片、视频、平台链接和本地示例图，只负责看画面/找素材，不承担姿势或调色决策。","asset-摄影姿势库-汉服-园林汉服-示例图-pose-02-jpg","pose_02","国风/汉服","本地素材","14","匹配素材参考"
"summer-vitality","春夏生命力写真","materialReference","素材参考","图片、视频、平台链接和本地示例图，只负责看画面/找素材，不承担姿势或调色决策。","asset-摄影姿势库-汉服-园林汉服-示例图-pose-03-jpg","pose_03","国风/汉服","本地素材","14","匹配素材参考"
"summer-vitality","春夏生命力写真","materialReference","素材参考","图片、视频、平台链接和本地示例图，只负责看画面/找素材，不承担姿势或调色决策。","asset-摄影姿势库-汉服-园林汉服-示例图-pose-04-jpg","pose_04","国风/汉服","本地素材","14","匹配素材参考"
"summer-vitality","春夏生命力写真","materialReference","素材参考","图片、视频、平台链接和本地示例图，只负责看画面/找素材，不承担姿势或调色决策。","flickr-cc","Flickr Creative Commons","授权可筛选图片","Flickr","12","命中选题关键词/场景；匹配素材参考；高优先级参考"
"summer-vitality","春夏生命力写真","materialReference","素材参考","图片、视频、平台链接和本地示例图，只负责看画面/找素材，不承担姿势或调色决策。","asset-摄影姿势库-姿势示意图-坐姿-04-台阶坐姿-png","04_台阶坐姿","姿势/引导","本地素材","11","匹配素材参考"
"summer-vitality","春夏生命力写真","shotAngle","拍摄角度/景别","决定镜头距离、机位、运动方式和画面覆盖范围。","doc-摄影姿势库-汉服-园林汉服-pose-回眸侧身-md","回眸侧身姿势","国风/汉服","Obsidian","19","匹配拍摄角度/景别"
"summer-vitality","春夏生命力写真","shotAngle","拍摄角度/景别","决定镜头距离、机位、运动方式和画面覆盖范围。","doc-摄影姿势库-汉服-园林汉服-pose-站立持花-md","站立持花姿势","国风/汉服","Obsidian","17","命中选题关键词/场景；匹配拍摄角度/景别"
"summer-vitality","春夏生命力写真","shotAngle","拍摄角度/景别","决定镜头距离、机位、运动方式和画面覆盖范围。","00-小红书收藏-拍摄专辑-拍出春日生命力-解锁这6-招就够了-29","拍出春日生命力 解锁这6⃣️招就够了","构图/技巧","小红书/Obsidian","15","命中选题关键词/场景；匹配拍摄角度/景别；高优先级参考"
"summer-vitality","春夏生命力写真","shotAngle","拍摄角度/景别","决定镜头距离、机位、运动方式和画面覆盖范围。","00-小红书收藏-拍摄专辑-拍花海学会这个5-个万能构图技巧就够了-28","拍花海学会这个5⃣️个万能构图技巧就够了","构图/技巧","小红书/Obsidian","14","命中选题关键词/场景；匹配拍摄角度/景别；高优先级参考"
"summer-vitality","春夏生命力写真","shotAngle","拍摄角度/景别","决定镜头距离、机位、运动方式和画面覆盖范围。","doc-摄影姿势库-汉服-园林汉服-00-园林汉服姿势库-md","汉服园林拍照姿势库","国风/汉服","Obsidian","14","匹配拍摄角度/景别"
"summer-vitality","春夏生命力写真","shotAngle","拍摄角度/景别","决定镜头距离、机位、运动方式和画面覆盖范围。","pose-回眸侧身-条目-1-1","条目 1","国风/汉服","Obsidian","14","匹配拍摄角度/景别"
"summer-vitality","春夏生命力写真","poseGuide","姿势引导","现场给模特说什么、身体怎么摆、动作怎么引导。","doc-摄影姿势库-汉服-园林汉服-00-园林汉服姿势库-md","汉服园林拍照姿势库","国风/汉服","Obsidian","24","匹配姿势引导"
"summer-vitality","春夏生命力写真","poseGuide","姿势引导","现场给模特说什么、身体怎么摆、动作怎么引导。","doc-摄影姿势库-小红书笔记-6a100805-生命力和漂亮我都要-md","生命力和漂亮我都要！🌸","姿势/引导","小红书/Obsidian","22","命中选题关键词/场景；匹配姿势引导"
"summer-vitality","春夏生命力写真","poseGuide","姿势引导","现场给模特说什么、身体怎么摆、动作怎么引导。","小清新少女风拍摄手册-躺靠物体-60","躺靠物体","姿势/引导","Obsidian","21","命中选题关键词/场景；匹配姿势引导"
"summer-vitality","春夏生命力写真","poseGuide","姿势引导","现场给模特说什么、身体怎么摆、动作怎么引导。","doc-摄影姿势库-汉服-园林汉服-pose-回眸侧身-md","回眸侧身姿势","国风/汉服","Obsidian","21","匹配姿势引导"
"summer-vitality","春夏生命力写真","poseGuide","姿势引导","现场给模特说什么、身体怎么摆、动作怎么引导。","doc-摄影姿势库-姿势示意图-readme-真实参考-md","README_真实参考","姿势/引导","Obsidian","20","匹配姿势引导"
"summer-vitality","春夏生命力写真","poseGuide","姿势引导","现场给模特说什么、身体怎么摆、动作怎么引导。","asset-摄影姿势库-姿势示意图-坐姿-pexels-06-阳光台阶-jpg","pexels_06_阳光台阶","姿势/引导","本地素材","20","命中选题关键词/场景；匹配姿势引导"
"summer-vitality","春夏生命力写真","composition","构图","选择三分、居中、线条、留白、前后景层次等构图策略。","00-小红书收藏-拍摄专辑-拍出春日生命力-解锁这6-招就够了-29","拍出春日生命力 解锁这6⃣️招就够了","构图/技巧","小红书/Obsidian","12","命中选题关键词/场景；匹配构图；高优先级参考"
"summer-vitality","春夏生命力写真","composition","构图","选择三分、居中、线条、留白、前后景层次等构图策略。","00-小红书收藏-拍摄专辑-拍花海学会这个5-个万能构图技巧就够了-28","拍花海学会这个5⃣️个万能构图技巧就够了","构图/技巧","小红书/Obsidian","11","命中选题关键词/场景；匹配构图；高优先级参考"
"summer-vitality","春夏生命力写真","composition","构图","选择三分、居中、线条、留白、前后景层次等构图策略。","pose-侧坐案前-条目-5-5","条目 5","国风/汉服","Obsidian","11","匹配构图"
"summer-vitality","春夏生命力写真","composition","构图","选择三分、居中、线条、留白、前后景层次等构图策略。","00-小红书收藏-拍摄专辑-尼康镜头下的浪漫春日-拍摄引导-38","尼康镜头下的浪漫春日｜拍摄引导","构图/技巧","小红书/Obsidian","8","命中选题关键词/场景；匹配构图"
"summer-vitality","春夏生命力写真","composition","构图","选择三分、居中、线条、留白、前后景层次等构图策略。","doc-摄影姿势库-汉服-园林汉服-pose-站立持花-md","站立持花姿势","国风/汉服","Obsidian","8","命中选题关键词/场景；匹配构图"
"summer-vitality","春夏生命力写真","composition","构图","选择三分、居中、线条、留白、前后景层次等构图策略。","huaban","花瓣网","灵感板/视觉风格","花瓣","6","命中选题关键词/场景；匹配构图；高优先级参考"
"summer-vitality","春夏生命力写真","lighting","光线","决定自然光、窗边光、逆光、夜景霓虹、光影对比等现场条件。","doc-摄影姿势库-拍摄指南-小清新少女风拍摄手册-md","小清新少女风拍摄手册","姿势/引导","Obsidian","16","命中选题关键词/场景；匹配光线；高优先级参考"
"summer-vitality","春夏生命力写真","lighting","光线","决定自然光、窗边光、逆光、夜景霓虹、光影对比等现场条件。","00-笔记索引-阳光下的活人感大片-24","阳光下的活人感大片！","综合参考","小红书/Obsidian","6","命中选题关键词/场景；匹配光线"
"summer-vitality","春夏生命力写真","lighting","光线","决定自然光、窗边光、逆光、夜景霓虹、光影对比等现场条件。","00-笔记索引-用全屏-live-走进我的夏日阳光农场-27","用全屏 live 走进我的夏日阳光农场🏡","综合参考","小红书/Obsidian","6","命中选题关键词/场景；匹配光线"
"summer-vitality","春夏生命力写真","lighting","光线","决定自然光、窗边光、逆光、夜景霓虹、光影对比等现场条件。","asset-摄影姿势库-姿势示意图-坐姿-pexels-06-阳光台阶-jpg","pexels_06_阳光台阶","姿势/引导","本地素材","6","命中选题关键词/场景；匹配光线"
"summer-vitality","春夏生命力写真","lighting","光线","决定自然光、窗边光、逆光、夜景霓虹、光影对比等现场条件。","00-笔记索引-如何在光影下拍出动感大片-22","如何在光影下拍出动感大片？","构图/技巧","小红书/Obsidian","3","匹配光线"
"summer-vitality","春夏生命力写真","lighting","光线","决定自然光、窗边光、逆光、夜景霓虹、光影对比等现场条件。","小清新少女风拍摄手册-条目-2-2","条目 2","姿势/引导","Obsidian","3","匹配光线"
"summer-vitality","春夏生命力写真","colorLut","LUT/调色","只放调色、胶片、LUT、色彩管线和后期相关内容。","00-笔记索引-用colorfit给夏天点颜色瞧瞧-32","用colorfit给夏天点颜色瞧瞧‼️","调色/后期","小红书/Obsidian","25","命中选题关键词/场景；匹配LUT/调色"
"summer-vitality","春夏生命力写真","colorLut","LUT/调色","只放调色、胶片、LUT、色彩管线和后期相关内容。","00-小红书收藏-拍摄专辑-当我通过colorwalk去拍照-就会得到-33","当我通过colorwalk去拍照 🌼就会得到...","调色/后期","小红书/Obsidian","22","匹配LUT/调色"
"summer-vitality","春夏生命力写真","colorLut","LUT/调色","只放调色、胶片、LUT、色彩管线和后期相关内容。","00-小红书收藏-调色专辑-私藏干货-日系漫画调色参数分享-1","私藏干货！日系漫画调色参数分享✨","调色/后期","小红书/Obsidian","22","匹配LUT/调色"
"summer-vitality","春夏生命力写真","publishingCopy","发布/SEO文案","标题、封面字、正文结构、平台关键词和发布角度。","xiaohongshu","小红书","中文案例/拍摄过程","小红书","21","命中选题关键词/场景；匹配发布/SEO文案；高优先级参考"
"summer-vitality","春夏生命力写真","publishingCopy","发布/SEO文案","标题、封面字、正文结构、平台关键词和发布角度。","00-小红书收藏-拍摄专辑-夏天就要拍草地和蓝天呀-文艺胶片风-40","夏天就要拍草地和蓝天呀！📷文艺胶片风","综合参考","小红书/Obsidian","18","命中选题关键词/场景；匹配发布/SEO文案"
"summer-vitality","春夏生命力写真","publishingCopy","发布/SEO文案","标题、封面字、正文结构、平台关键词和发布角度。","doc-摄影姿势库-小红书笔记-6a100805-生命力和漂亮我都要-md","生命力和漂亮我都要！🌸","姿势/引导","小红书/Obsidian","14","命中选题关键词/场景；匹配发布/SEO文案"
"summer-vitality","春夏生命力写真","publishingCopy","发布/SEO文案","标题、封面字、正文结构、平台关键词和发布角度。","00-小红书收藏-拍摄专辑-拍出春日生命力-解锁这6-招就够了-29","拍出春日生命力 解锁这6⃣️招就够了","构图/技巧","小红书/Obsidian","13","命中选题关键词/场景；匹配发布/SEO文案；高优先级参考"
"summer-vitality","春夏生命力写真","publishingCopy","发布/SEO文案","标题、封面字、正文结构、平台关键词和发布角度。","00-小红书收藏-拍摄专辑-拍花海学会这个5-个万能构图技巧就够了-28","拍花海学会这个5⃣️个万能构图技巧就够了","构图/技巧","小红书/Obsidian","12","命中选题关键词/场景；匹配发布/SEO文案；高优先级参考"
"summer-vitality","春夏生命力写真","publishingCopy","发布/SEO文案","标题、封面字、正文结构、平台关键词和发布角度。","00-小红书收藏-拍摄专辑-超全的花海拍照姿势-自存-8","超全的花海拍照姿势（自存）","姿势/引导","小红书/Obsidian","11","命中选题关键词/场景；匹配发布/SEO文案"
"graduation-single","毕业季单人照","materialReference","素材参考","图片、视频、平台链接和本地示例图，只负责看画面/找素材，不承担姿势或调色决策。","pexels","Pexels","免费商用图片/视频","Pexels","15","命中选题关键词/场景；匹配素材参考；高优先级参考"
"graduation-single","毕业季单人照","materialReference","素材参考","图片、视频、平台链接和本地示例图，只负责看画面/找素材，不承担姿势或调色决策。","pixabay","Pixabay","免费商用图片/视频","Pixabay","15","命中选题关键词/场景；匹配素材参考；高优先级参考"
"graduation-single","毕业季单人照","materialReference","素材参考","图片、视频、平台链接和本地示例图，只负责看画面/找素材，不承担姿势或调色决策。","00-小红书收藏-拍摄专辑-青春胶片感单人毕业照-i人拍照姿势合集-3","🍃青春胶片感单人毕业照🎓i人拍照姿势合集","姿势/引导","小红书/Obsidian","15","命中选题关键词/场景；匹配素材参考"
"graduation-single","毕业季单人照","materialReference","素材参考","图片、视频、平台链接和本地示例图，只负责看画面/找素材，不承担姿势或调色决策。","asset-摄影姿势库-汉服-园林汉服-示例图-pose-01-jpg","pose_01","国风/汉服","本地素材","14","匹配素材参考"
"graduation-single","毕业季单人照","materialReference","素材参考","图片、视频、平台链接和本地示例图，只负责看画面/找素材，不承担姿势或调色决策。","asset-摄影姿势库-汉服-园林汉服-示例图-pose-02-jpg","pose_02","国风/汉服","本地素材","14","匹配素材参考"
"graduation-single","毕业季单人照","materialReference","素材参考","图片、视频、平台链接和本地示例图，只负责看画面/找素材，不承担姿势或调色决策。","asset-摄影姿势库-汉服-园林汉服-示例图-pose-03-jpg","pose_03","国风/汉服","本地素材","14","匹配素材参考"
"graduation-single","毕业季单人照","materialReference","素材参考","图片、视频、平台链接和本地示例图，只负责看画面/找素材，不承担姿势或调色决策。","asset-摄影姿势库-汉服-园林汉服-示例图-pose-04-jpg","pose_04","国风/汉服","本地素材","14","匹配素材参考"
"graduation-single","毕业季单人照","materialReference","素材参考","图片、视频、平台链接和本地示例图，只负责看画面/找素材，不承担姿势或调色决策。","flickr-cc","Flickr Creative Commons","授权可筛选图片","Flickr","12","命中选题关键词/场景；匹配素材参考；高优先级参考"
"graduation-single","毕业季单人照","materialReference","素材参考","图片、视频、平台链接和本地示例图，只负责看画面/找素材，不承担姿势或调色决策。","00-小红书收藏-视频拍摄专辑-终于轮到我拍这个毕业转场啦-2","终于轮到我拍这个毕业转场啦🎓","视频拍摄","小红书/Obsidian","12","命中选题关键词/场景；匹配素材参考"
"graduation-single","毕业季单人照","materialReference","素材参考","图片、视频、平台链接和本地示例图，只负责看画面/找素材，不承担姿势或调色决策。","asset-摄影姿势库-姿势示意图-坐姿-04-台阶坐姿-png","04_台阶坐姿","姿势/引导","本地素材","11","匹配素材参考"
"graduation-single","毕业季单人照","shotAngle","拍摄角度/景别","决定镜头距离、机位、运动方式和画面覆盖范围。","doc-摄影姿势库-汉服-园林汉服-pose-回眸侧身-md","回眸侧身姿势","国风/汉服","Obsidian","19","匹配拍摄角度/景别"
"graduation-single","毕业季单人照","shotAngle","拍摄角度/景别","决定镜头距离、机位、运动方式和画面覆盖范围。","doc-摄影姿势库-汉服-园林汉服-00-园林汉服姿势库-md","汉服园林拍照姿势库","国风/汉服","Obsidian","14","匹配拍摄角度/景别"
"graduation-single","毕业季单人照","shotAngle","拍摄角度/景别","决定镜头距离、机位、运动方式和画面覆盖范围。","pose-回眸侧身-条目-1-1","条目 1","国风/汉服","Obsidian","14","匹配拍摄角度/景别"
"graduation-single","毕业季单人照","shotAngle","拍摄角度/景别","决定镜头距离、机位、运动方式和画面覆盖范围。","pose-侧坐案前-条目-5-5","条目 5","国风/汉服","Obsidian","14","匹配拍摄角度/景别"
"graduation-single","毕业季单人照","shotAngle","拍摄角度/景别","决定镜头距离、机位、运动方式和画面覆盖范围。","doc-摄影姿势库-汉服-园林汉服-pose-站立持花-md","站立持花姿势","国风/汉服","Obsidian","14","匹配拍摄角度/景别"
"graduation-single","毕业季单人照","shotAngle","拍摄角度/景别","决定镜头距离、机位、运动方式和画面覆盖范围。","doc-摄影姿势库-汉服-室内汉服-pose-侧坐案前-md","侧坐案前姿势","国风/汉服","Obsidian","14","匹配拍摄角度/景别"
"graduation-single","毕业季单人照","poseGuide","姿势引导","现场给模特说什么、身体怎么摆、动作怎么引导。","doc-摄影姿势库-汉服-园林汉服-00-园林汉服姿势库-md","汉服园林拍照姿势库","国风/汉服","Obsidian","24","匹配姿势引导"
"graduation-single","毕业季单人照","poseGuide","姿势引导","现场给模特说什么、身体怎么摆、动作怎么引导。","doc-摄影姿势库-汉服-园林汉服-pose-回眸侧身-md","回眸侧身姿势","国风/汉服","Obsidian","21","匹配姿势引导"
"graduation-single","毕业季单人照","poseGuide","姿势引导","现场给模特说什么、身体怎么摆、动作怎么引导。","00-小红书收藏-拍摄专辑-存一组毕业拍照姿势-谁拍谁好看-9","存一组毕业拍照姿势/谁拍谁好看","姿势/引导","小红书/Obsidian","20","命中选题关键词/场景；匹配姿势引导"
"graduation-single","毕业季单人照","poseGuide","姿势引导","现场给模特说什么、身体怎么摆、动作怎么引导。","doc-摄影姿势库-姿势示意图-readme-真实参考-md","README_真实参考","姿势/引导","Obsidian","20","匹配姿势引导"
"graduation-single","毕业季单人照","poseGuide","姿势引导","现场给模特说什么、身体怎么摆、动作怎么引导。","asset-摄影姿势库-姿势示意图-站姿-03-回眸站-png","03_回眸站","姿势/引导","本地素材","20","匹配姿势引导"
"graduation-single","毕业季单人照","poseGuide","姿势引导","现场给模特说什么、身体怎么摆、动作怎么引导。","小清新少女风拍摄手册-坐台阶正面-48","坐台阶正面","姿势/引导","Obsidian","18","命中选题关键词/场景；匹配姿势引导"
"graduation-single","毕业季单人照","composition","构图","选择三分、居中、线条、留白、前后景层次等构图策略。","pose-侧坐案前-条目-5-5","条目 5","国风/汉服","Obsidian","11","匹配构图"
"graduation-single","毕业季单人照","composition","构图","选择三分、居中、线条、留白、前后景层次等构图策略。","小清新少女风拍摄手册-走楼梯-46","走楼梯","姿势/引导","Obsidian","7","命中选题关键词/场景；匹配构图"
"graduation-single","毕业季单人照","composition","构图","选择三分、居中、线条、留白、前后景层次等构图策略。","huaban","花瓣网","灵感板/视觉风格","花瓣","6","命中选题关键词/场景；匹配构图；高优先级参考"
"graduation-single","毕业季单人照","composition","构图","选择三分、居中、线条、留白、前后景层次等构图策略。","00-小红书收藏-拍摄专辑-存一些拍花技巧-9个万能构图技巧-姿势-12","存一些拍花技巧📷 9个万能构图技巧➕姿势","姿势/引导","小红书/Obsidian","6","命中选题关键词/场景；匹配构图；高优先级参考"
"graduation-single","毕业季单人照","composition","构图","选择三分、居中、线条、留白、前后景层次等构图策略。","00-笔记索引-人像摄影16种构图及拍摄思路-36","📸人像摄影16种构图及拍摄思路","构图/技巧","小红书/Obsidian","6","命中选题关键词/场景；匹配构图；高优先级参考"
"graduation-single","毕业季单人照","composition","构图","选择三分、居中、线条、留白、前后景层次等构图策略。","00-小红书收藏-拍摄专辑-存一些拍蓝花楹技巧-9个万能构图-姿势-24","存一些拍蓝花楹技巧📷 9个万能构图➕姿势","姿势/引导","小红书/Obsidian","6","命中选题关键词/场景；匹配构图；高优先级参考"
"graduation-single","毕业季单人照","lighting","光线","决定自然光、窗边光、逆光、夜景霓虹、光影对比等现场条件。","doc-摄影姿势库-拍摄指南-小清新少女风拍摄手册-md","小清新少女风拍摄手册","姿势/引导","Obsidian","4","命中选题关键词/场景；匹配光线；高优先级参考"
"graduation-single","毕业季单人照","lighting","光线","决定自然光、窗边光、逆光、夜景霓虹、光影对比等现场条件。","00-笔记索引-如何在光影下拍出动感大片-22","如何在光影下拍出动感大片？","构图/技巧","小红书/Obsidian","3","匹配光线"
"graduation-single","毕业季单人照","lighting","光线","决定自然光、窗边光、逆光、夜景霓虹、光影对比等现场条件。","00-笔记索引-阳光下的活人感大片-24","阳光下的活人感大片！","综合参考","小红书/Obsidian","3","匹配光线"
"graduation-single","毕业季单人照","lighting","光线","决定自然光、窗边光、逆光、夜景霓虹、光影对比等现场条件。","00-笔记索引-用全屏-live-走进我的夏日阳光农场-27","用全屏 live 走进我的夏日阳光农场🏡","综合参考","小红书/Obsidian","3","匹配光线"
"graduation-single","毕业季单人照","lighting","光线","决定自然光、窗边光、逆光、夜景霓虹、光影对比等现场条件。","小清新少女风拍摄手册-条目-2-2","条目 2","姿势/引导","Obsidian","3","匹配光线"
"graduation-single","毕业季单人照","lighting","光线","决定自然光、窗边光、逆光、夜景霓虹、光影对比等现场条件。","doc-摄影姿势库-汉服-园林汉服-pose-回眸侧身-md","回眸侧身姿势","国风/汉服","Obsidian","3","匹配光线"
"graduation-single","毕业季单人照","colorLut","LUT/调色","只放调色、胶片、LUT、色彩管线和后期相关内容。","00-小红书收藏-拍摄专辑-当我通过colorwalk去拍照-就会得到-33","当我通过colorwalk去拍照 🌼就会得到...","调色/后期","小红书/Obsidian","22","匹配LUT/调色"
"graduation-single","毕业季单人照","colorLut","LUT/调色","只放调色、胶片、LUT、色彩管线和后期相关内容。","00-笔记索引-用colorfit给夏天点颜色瞧瞧-32","用colorfit给夏天点颜色瞧瞧‼️","调色/后期","小红书/Obsidian","22","匹配LUT/调色"
"graduation-single","毕业季单人照","colorLut","LUT/调色","只放调色、胶片、LUT、色彩管线和后期相关内容。","00-小红书收藏-调色专辑-私藏干货-日系漫画调色参数分享-1","私藏干货！日系漫画调色参数分享✨","调色/后期","小红书/Obsidian","22","匹配LUT/调色"
"graduation-single","毕业季单人照","publishingCopy","发布/SEO文案","标题、封面字、正文结构、平台关键词和发布角度。","xiaohongshu","小红书","中文案例/拍摄过程","小红书","21","命中选题关键词/场景；匹配发布/SEO文案；高优先级参考"
"graduation-single","毕业季单人照","publishingCopy","发布/SEO文案","标题、封面字、正文结构、平台关键词和发布角度。","00-小红书收藏-拍摄专辑-青春胶片感单人毕业照-i人拍照姿势合集-3","🍃青春胶片感单人毕业照🎓i人拍照姿势合集","姿势/引导","小红书/Obsidian","18","命中选题关键词/场景；匹配发布/SEO文案"
"graduation-single","毕业季单人照","publishingCopy","发布/SEO文案","标题、封面字、正文结构、平台关键词和发布角度。","00-小红书收藏-拍摄专辑-存一组毕业拍照姿势-谁拍谁好看-9","存一组毕业拍照姿势/谁拍谁好看","姿势/引导","小红书/Obsidian","12","命中选题关键词/场景；匹配发布/SEO文案"
"graduation-single","毕业季单人照","publishingCopy","发布/SEO文案","标题、封面字、正文结构、平台关键词和发布角度。","00-小红书收藏-拍摄专辑-毕业照这样拍太好看了吧-10","毕业照这样拍太好看了吧！","综合参考","小红书/Obsidian","12","命中选题关键词/场景；匹配发布/SEO文案"
"graduation-single","毕业季单人照","publishingCopy","发布/SEO文案","标题、封面字、正文结构、平台关键词和发布角度。","00-小红书收藏-视频拍摄专辑-终于轮到我拍这个毕业转场啦-2","终于轮到我拍这个毕业转场啦🎓","视频拍摄","小红书/Obsidian","12","命中选题关键词/场景；匹配发布/SEO文案"
"graduation-single","毕业季单人照","publishingCopy","发布/SEO文案","标题、封面字、正文结构、平台关键词和发布角度。","00-小红书收藏-拍摄专辑-夏天就要拍草地和蓝天呀-文艺胶片风-40","夏天就要拍草地和蓝天呀！📷文艺胶片风","综合参考","小红书/Obsidian","9","命中选题关键词/场景；匹配发布/SEO文案"
"new-chinese-qipao","新中式/旗袍写真","materialReference","素材参考","图片、视频、平台链接和本地示例图，只负责看画面/找素材，不承担姿势或调色决策。","asset-摄影姿势库-汉服-园林汉服-示例图-pose-01-jpg","pose_01","国风/汉服","本地素材","25","命中选题关键词/场景；匹配素材参考"
"new-chinese-qipao","新中式/旗袍写真","materialReference","素材参考","图片、视频、平台链接和本地示例图，只负责看画面/找素材，不承担姿势或调色决策。","asset-摄影姿势库-汉服-园林汉服-示例图-pose-02-jpg","pose_02","国风/汉服","本地素材","25","命中选题关键词/场景；匹配素材参考"
"new-chinese-qipao","新中式/旗袍写真","materialReference","素材参考","图片、视频、平台链接和本地示例图，只负责看画面/找素材，不承担姿势或调色决策。","asset-摄影姿势库-汉服-园林汉服-示例图-pose-03-jpg","pose_03","国风/汉服","本地素材","25","命中选题关键词/场景；匹配素材参考"
"new-chinese-qipao","新中式/旗袍写真","materialReference","素材参考","图片、视频、平台链接和本地示例图，只负责看画面/找素材，不承担姿势或调色决策。","asset-摄影姿势库-汉服-园林汉服-示例图-pose-04-jpg","pose_04","国风/汉服","本地素材","25","命中选题关键词/场景；匹配素材参考"
"new-chinese-qipao","新中式/旗袍写真","materialReference","素材参考","图片、视频、平台链接和本地示例图，只负责看画面/找素材，不承担姿势或调色决策。","00-小红书收藏-拍摄专辑-新中式拍照姿势大全-4","新中式拍照姿势大全","国风/汉服","小红书/Obsidian","17","命中选题关键词/场景；匹配素材参考"
"new-chinese-qipao","新中式/旗袍写真","materialReference","素材参考","图片、视频、平台链接和本地示例图，只负责看画面/找素材，不承担姿势或调色决策。","00-小红书收藏-拍摄专辑-这组国风旗袍夯爆了-41","这组国风旗袍夯爆了","国风/汉服","小红书/Obsidian","17","命中选题关键词/场景；匹配素材参考"
"new-chinese-qipao","新中式/旗袍写真","materialReference","素材参考","图片、视频、平台链接和本地示例图，只负责看画面/找素材，不承担姿势或调色决策。","00-笔记索引-来咯-新中式拍照姿势大全-25","来咯～新中式拍照姿势大全","国风/汉服","小红书/Obsidian","17","命中选题关键词/场景；匹配素材参考"
"new-chinese-qipao","新中式/旗袍写真","materialReference","素材参考","图片、视频、平台链接和本地示例图，只负责看画面/找素材，不承担姿势或调色决策。","pexels","Pexels","免费商用图片/视频","Pexels","15","命中选题关键词/场景；匹配素材参考；高优先级参考"
"new-chinese-qipao","新中式/旗袍写真","materialReference","素材参考","图片、视频、平台链接和本地示例图，只负责看画面/找素材，不承担姿势或调色决策。","pixabay","Pixabay","免费商用图片/视频","Pixabay","15","命中选题关键词/场景；匹配素材参考；高优先级参考"
"new-chinese-qipao","新中式/旗袍写真","materialReference","素材参考","图片、视频、平台链接和本地示例图，只负责看画面/找素材，不承担姿势或调色决策。","00-小红书收藏-拍摄专辑-i人也能拍出生命力-5个氧气感汉服拍照动作-18","i人也能拍出生命力！5个氧气感汉服拍照动作","国风/汉服","小红书/Obsidian","15","命中选题关键词/场景；匹配素材参考；高优先级参考"
"new-chinese-qipao","新中式/旗袍写真","shotAngle","拍摄角度/景别","决定镜头距离、机位、运动方式和画面覆盖范围。","doc-摄影姿势库-汉服-园林汉服-pose-回眸侧身-md","回眸侧身姿势","国风/汉服","Obsidian","31","命中选题关键词/场景；匹配拍摄角度/景别"
"new-chinese-qipao","新中式/旗袍写真","shotAngle","拍摄角度/景别","决定镜头距离、机位、运动方式和画面覆盖范围。","doc-摄影姿势库-汉服-室内汉服-pose-侧坐案前-md","侧坐案前姿势","国风/汉服","Obsidian","27","命中选题关键词/场景；匹配拍摄角度/景别"
"new-chinese-qipao","新中式/旗袍写真","shotAngle","拍摄角度/景别","决定镜头距离、机位、运动方式和画面覆盖范围。","doc-摄影姿势库-汉服-园林汉服-00-园林汉服姿势库-md","汉服园林拍照姿势库","国风/汉服","Obsidian","26","命中选题关键词/场景；匹配拍摄角度/景别"
"new-chinese-qipao","新中式/旗袍写真","shotAngle","拍摄角度/景别","决定镜头距离、机位、运动方式和画面覆盖范围。","doc-摄影姿势库-汉服-园林汉服-pose-站立持花-md","站立持花姿势","国风/汉服","Obsidian","26","命中选题关键词/场景；匹配拍摄角度/景别"
"new-chinese-qipao","新中式/旗袍写真","shotAngle","拍摄角度/景别","决定镜头距离、机位、运动方式和画面覆盖范围。","pose-回眸侧身-条目-1-1","条目 1","国风/汉服","Obsidian","25","命中选题关键词/场景；匹配拍摄角度/景别"
"new-chinese-qipao","新中式/旗袍写真","shotAngle","拍摄角度/景别","决定镜头距离、机位、运动方式和画面覆盖范围。","pose-侧坐案前-条目-5-5","条目 5","国风/汉服","Obsidian","25","命中选题关键词/场景；匹配拍摄角度/景别"
"new-chinese-qipao","新中式/旗袍写真","poseGuide","姿势引导","现场给模特说什么、身体怎么摆、动作怎么引导。","doc-摄影姿势库-汉服-园林汉服-00-园林汉服姿势库-md","汉服园林拍照姿势库","国风/汉服","Obsidian","36","命中选题关键词/场景；匹配姿势引导"
"new-chinese-qipao","新中式/旗袍写真","poseGuide","姿势引导","现场给模特说什么、身体怎么摆、动作怎么引导。","doc-摄影姿势库-汉服-园林汉服-pose-回眸侧身-md","回眸侧身姿势","国风/汉服","Obsidian","33","命中选题关键词/场景；匹配姿势引导"
"new-chinese-qipao","新中式/旗袍写真","poseGuide","姿势引导","现场给模特说什么、身体怎么摆、动作怎么引导。","doc-摄影姿势库-汉服-室内汉服-00-室内汉服姿势库-md","汉服室内拍照姿势库","国风/汉服","Obsidian","33","命中选题关键词/场景；匹配姿势引导"
"new-chinese-qipao","新中式/旗袍写真","poseGuide","姿势引导","现场给模特说什么、身体怎么摆、动作怎么引导。","doc-摄影姿势库-汉服-室内汉服-pose-侧坐案前-md","侧坐案前姿势","国风/汉服","Obsidian","28","命中选题关键词/场景；匹配姿势引导"
"new-chinese-qipao","新中式/旗袍写真","poseGuide","姿势引导","现场给模特说什么、身体怎么摆、动作怎么引导。","doc-摄影姿势库-汉服-园林汉服-pose-站立持花-md","站立持花姿势","国风/汉服","Obsidian","27","命中选题关键词/场景；匹配姿势引导"
"new-chinese-qipao","新中式/旗袍写真","poseGuide","姿势引导","现场给模特说什么、身体怎么摆、动作怎么引导。","00-室内汉服姿势库-侧坐案前-1","[[侧坐案前]]","国风/汉服","Obsidian","25","命中选题关键词/场景；匹配姿势引导"
"new-chinese-qipao","新中式/旗袍写真","composition","构图","选择三分、居中、线条、留白、前后景层次等构图策略。","pose-侧坐案前-条目-5-5","条目 5","国风/汉服","Obsidian","22","命中选题关键词/场景；匹配构图"
"new-chinese-qipao","新中式/旗袍写真","composition","构图","选择三分、居中、线条、留白、前后景层次等构图策略。","doc-摄影姿势库-汉服-室内汉服-pose-侧坐案前-md","侧坐案前姿势","国风/汉服","Obsidian","18","命中选题关键词/场景；匹配构图"
"new-chinese-qipao","新中式/旗袍写真","composition","构图","选择三分、居中、线条、留白、前后景层次等构图策略。","doc-摄影姿势库-汉服-园林汉服-00-园林汉服姿势库-md","汉服园林拍照姿势库","国风/汉服","Obsidian","17","命中选题关键词/场景；匹配构图"
"new-chinese-qipao","新中式/旗袍写真","composition","构图","选择三分、居中、线条、留白、前后景层次等构图策略。","doc-摄影姿势库-汉服-园林汉服-pose-回眸侧身-md","回眸侧身姿势","国风/汉服","Obsidian","17","命中选题关键词/场景；匹配构图"
"new-chinese-qipao","新中式/旗袍写真","composition","构图","选择三分、居中、线条、留白、前后景层次等构图策略。","doc-摄影姿势库-汉服-园林汉服-pose-站立持花-md","站立持花姿势","国风/汉服","Obsidian","17","命中选题关键词/场景；匹配构图"
"new-chinese-qipao","新中式/旗袍写真","composition","构图","选择三分、居中、线条、留白、前后景层次等构图策略。","doc-摄影姿势库-汉服-室内汉服-00-室内汉服姿势库-md","汉服室内拍照姿势库","国风/汉服","Obsidian","17","命中选题关键词/场景；匹配构图"
"new-chinese-qipao","新中式/旗袍写真","lighting","光线","决定自然光、窗边光、逆光、夜景霓虹、光影对比等现场条件。","doc-摄影姿势库-汉服-室内汉服-00-室内汉服姿势库-md","汉服室内拍照姿势库","国风/汉服","Obsidian","18","命中选题关键词/场景；匹配光线"
"new-chinese-qipao","新中式/旗袍写真","lighting","光线","决定自然光、窗边光、逆光、夜景霓虹、光影对比等现场条件。","doc-摄影姿势库-汉服-园林汉服-pose-回眸侧身-md","回眸侧身姿势","国风/汉服","Obsidian","15","命中选题关键词/场景；匹配光线"
"new-chinese-qipao","新中式/旗袍写真","lighting","光线","决定自然光、窗边光、逆光、夜景霓虹、光影对比等现场条件。","00-室内汉服姿势库-倚栏远眺-2","[[倚栏远眺]]","国风/汉服","Obsidian","15","命中选题关键词/场景；匹配光线"
"new-chinese-qipao","新中式/旗袍写真","lighting","光线","决定自然光、窗边光、逆光、夜景霓虹、光影对比等现场条件。","pose-回眸侧身-条目-3-3","条目 3","国风/汉服","Obsidian","14","命中选题关键词/场景；匹配光线"
"new-chinese-qipao","新中式/旗袍写真","lighting","光线","决定自然光、窗边光、逆光、夜景霓虹、光影对比等现场条件。","doc-摄影姿势库-拍摄指南-小清新少女风拍摄手册-md","小清新少女风拍摄手册","姿势/引导","Obsidian","4","命中选题关键词/场景；匹配光线；高优先级参考"
"new-chinese-qipao","新中式/旗袍写真","lighting","光线","决定自然光、窗边光、逆光、夜景霓虹、光影对比等现场条件。","00-笔记索引-如何在光影下拍出动感大片-22","如何在光影下拍出动感大片？","构图/技巧","小红书/Obsidian","3","匹配光线"
"new-chinese-qipao","新中式/旗袍写真","colorLut","LUT/调色","只放调色、胶片、LUT、色彩管线和后期相关内容。","00-小红书收藏-拍摄专辑-当我通过colorwalk去拍照-就会得到-33","当我通过colorwalk去拍照 🌼就会得到...","调色/后期","小红书/Obsidian","22","匹配LUT/调色"
"new-chinese-qipao","新中式/旗袍写真","colorLut","LUT/调色","只放调色、胶片、LUT、色彩管线和后期相关内容。","00-笔记索引-用colorfit给夏天点颜色瞧瞧-32","用colorfit给夏天点颜色瞧瞧‼️","调色/后期","小红书/Obsidian","22","匹配LUT/调色"
"new-chinese-qipao","新中式/旗袍写真","colorLut","LUT/调色","只放调色、胶片、LUT、色彩管线和后期相关内容。","00-小红书收藏-调色专辑-私藏干货-日系漫画调色参数分享-1","私藏干货！日系漫画调色参数分享✨","调色/后期","小红书/Obsidian","22","匹配LUT/调色"
"new-chinese-qipao","新中式/旗袍写真","publishingCopy","发布/SEO文案","标题、封面字、正文结构、平台关键词和发布角度。","xiaohongshu","小红书","中文案例/拍摄过程","小红书","21","命中选题关键词/场景；匹配发布/SEO文案；高优先级参考"
"new-chinese-qipao","新中式/旗袍写真","publishingCopy","发布/SEO文案","标题、封面字、正文结构、平台关键词和发布角度。","00-小红书收藏-拍摄专辑-新中式拍照姿势大全-4","新中式拍照姿势大全","国风/汉服","小红书/Obsidian","20","命中选题关键词/场景；匹配发布/SEO文案"
"new-chinese-qipao","新中式/旗袍写真","publishingCopy","发布/SEO文案","标题、封面字、正文结构、平台关键词和发布角度。","00-小红书收藏-拍摄专辑-这组国风旗袍夯爆了-41","这组国风旗袍夯爆了","国风/汉服","小红书/Obsidian","20","命中选题关键词/场景；匹配发布/SEO文案"
"new-chinese-qipao","新中式/旗袍写真","publishingCopy","发布/SEO文案","标题、封面字、正文结构、平台关键词和发布角度。","00-小红书收藏-拍摄专辑-i人也能拍出生命力-5个氧气感汉服拍照动作-18","i人也能拍出生命力！5个氧气感汉服拍照动作","国风/汉服","小红书/Obsidian","18","命中选题关键词/场景；匹配发布/SEO文案；高优先级参考"
"new-chinese-qipao","新中式/旗袍写真","publishingCopy","发布/SEO文案","标题、封面字、正文结构、平台关键词和发布角度。","00-笔记索引-来咯-新中式拍照姿势大全-25","来咯～新中式拍照姿势大全","国风/汉服","小红书/Obsidian","17","命中选题关键词/场景；匹配发布/SEO文案"
"new-chinese-qipao","新中式/旗袍写真","publishingCopy","发布/SEO文案","标题、封面字、正文结构、平台关键词和发布角度。","00-笔记索引-朋友圈吃不了的细糠-小红书也吃不了-42","朋友圈吃不了的细糠，小红书也吃不了","综合参考","小红书/Obsidian","9","匹配发布/SEO文案"
"cafe-daily","咖啡馆日常写真","materialReference","素材参考","图片、视频、平台链接和本地示例图，只负责看画面/找素材，不承担姿势或调色决策。","pixabay","Pixabay","免费商用图片/视频","Pixabay","18","命中选题关键词/场景；匹配素材参考；高优先级参考"
"cafe-daily","咖啡馆日常写真","materialReference","素材参考","图片、视频、平台链接和本地示例图，只负责看画面/找素材，不承担姿势或调色决策。","asset-摄影姿势库-姿势示意图-坐姿-pexels-09-咖啡馆坐-jpg","pexels_09_咖啡馆坐","姿势/引导","本地素材","17","命中选题关键词/场景；匹配素材参考"
"cafe-daily","咖啡馆日常写真","materialReference","素材参考","图片、视频、平台链接和本地示例图，只负责看画面/找素材，不承担姿势或调色决策。","asset-摄影姿势库-汉服-园林汉服-示例图-pose-01-jpg","pose_01","国风/汉服","本地素材","17","命中选题关键词/场景；匹配素材参考"
"cafe-daily","咖啡馆日常写真","materialReference","素材参考","图片、视频、平台链接和本地示例图，只负责看画面/找素材，不承担姿势或调色决策。","asset-摄影姿势库-汉服-园林汉服-示例图-pose-02-jpg","pose_02","国风/汉服","本地素材","17","命中选题关键词/场景；匹配素材参考"
"cafe-daily","咖啡馆日常写真","materialReference","素材参考","图片、视频、平台链接和本地示例图，只负责看画面/找素材，不承担姿势或调色决策。","asset-摄影姿势库-汉服-园林汉服-示例图-pose-03-jpg","pose_03","国风/汉服","本地素材","17","命中选题关键词/场景；匹配素材参考"
"cafe-daily","咖啡馆日常写真","materialReference","素材参考","图片、视频、平台链接和本地示例图，只负责看画面/找素材，不承担姿势或调色决策。","asset-摄影姿势库-汉服-园林汉服-示例图-pose-04-jpg","pose_04","国风/汉服","本地素材","17","命中选题关键词/场景；匹配素材参考"
"cafe-daily","咖啡馆日常写真","materialReference","素材参考","图片、视频、平台链接和本地示例图，只负责看画面/找素材，不承担姿势或调色决策。","pexels","Pexels","免费商用图片/视频","Pexels","15","命中选题关键词/场景；匹配素材参考；高优先级参考"
"cafe-daily","咖啡馆日常写真","materialReference","素材参考","图片、视频、平台链接和本地示例图，只负责看画面/找素材，不承担姿势或调色决策。","asset-摄影姿势库-姿势示意图-坐姿-pexels-06-阳光台阶-jpg","pexels_06_阳光台阶","姿势/引导","本地素材","14","命中选题关键词/场景；匹配素材参考"
"cafe-daily","咖啡馆日常写真","materialReference","素材参考","图片、视频、平台链接和本地示例图，只负责看画面/找素材，不承担姿势或调色决策。","asset-摄影姿势库-姿势示意图-站姿-pexels-04-逆光站-jpg","pexels_04_逆光站","姿势/引导","本地素材","14","命中选题关键词/场景；匹配素材参考"
"cafe-daily","咖啡馆日常写真","materialReference","素材参考","图片、视频、平台链接和本地示例图，只负责看画面/找素材，不承担姿势或调色决策。","flickr-cc","Flickr Creative Commons","授权可筛选图片","Flickr","12","命中选题关键词/场景；匹配素材参考；高优先级参考"
"cafe-daily","咖啡馆日常写真","shotAngle","拍摄角度/景别","决定镜头距离、机位、运动方式和画面覆盖范围。","doc-摄影姿势库-汉服-园林汉服-pose-回眸侧身-md","回眸侧身姿势","国风/汉服","Obsidian","25","命中选题关键词/场景；匹配拍摄角度/景别"
"cafe-daily","咖啡馆日常写真","shotAngle","拍摄角度/景别","决定镜头距离、机位、运动方式和画面覆盖范围。","doc-摄影姿势库-汉服-园林汉服-pose-站立持花-md","站立持花姿势","国风/汉服","Obsidian","20","命中选题关键词/场景；匹配拍摄角度/景别"
"cafe-daily","咖啡馆日常写真","shotAngle","拍摄角度/景别","决定镜头距离、机位、运动方式和画面覆盖范围。","doc-摄影姿势库-汉服-室内汉服-pose-侧坐案前-md","侧坐案前姿势","国风/汉服","Obsidian","20","命中选题关键词/场景；匹配拍摄角度/景别"
"cafe-daily","咖啡馆日常写真","shotAngle","拍摄角度/景别","决定镜头距离、机位、运动方式和画面覆盖范围。","doc-摄影姿势库-汉服-园林汉服-00-园林汉服姿势库-md","汉服园林拍照姿势库","国风/汉服","Obsidian","18","命中选题关键词/场景；匹配拍摄角度/景别"
"cafe-daily","咖啡馆日常写真","shotAngle","拍摄角度/景别","决定镜头距离、机位、运动方式和画面覆盖范围。","pose-回眸侧身-条目-1-1","条目 1","国风/汉服","Obsidian","17","命中选题关键词/场景；匹配拍摄角度/景别"
"cafe-daily","咖啡馆日常写真","shotAngle","拍摄角度/景别","决定镜头距离、机位、运动方式和画面覆盖范围。","pose-侧坐案前-条目-5-5","条目 5","国风/汉服","Obsidian","17","命中选题关键词/场景；匹配拍摄角度/景别"
"cafe-daily","咖啡馆日常写真","poseGuide","姿势引导","现场给模特说什么、身体怎么摆、动作怎么引导。","doc-摄影姿势库-汉服-园林汉服-00-园林汉服姿势库-md","汉服园林拍照姿势库","国风/汉服","Obsidian","28","命中选题关键词/场景；匹配姿势引导"
"cafe-daily","咖啡馆日常写真","poseGuide","姿势引导","现场给模特说什么、身体怎么摆、动作怎么引导。","doc-摄影姿势库-汉服-园林汉服-pose-回眸侧身-md","回眸侧身姿势","国风/汉服","Obsidian","27","命中选题关键词/场景；匹配姿势引导"
"cafe-daily","咖啡馆日常写真","poseGuide","姿势引导","现场给模特说什么、身体怎么摆、动作怎么引导。","doc-摄影姿势库-姿势示意图-readme-真实参考-md","README_真实参考","姿势/引导","Obsidian","23","命中选题关键词/场景；匹配姿势引导"
"cafe-daily","咖啡馆日常写真","poseGuide","姿势引导","现场给模特说什么、身体怎么摆、动作怎么引导。","asset-摄影姿势库-姿势示意图-坐姿-pexels-09-咖啡馆坐-jpg","pexels_09_咖啡馆坐","姿势/引导","本地素材","23","命中选题关键词/场景；匹配姿势引导"
"cafe-daily","咖啡馆日常写真","poseGuide","姿势引导","现场给模特说什么、身体怎么摆、动作怎么引导。","doc-摄影姿势库-汉服-室内汉服-00-室内汉服姿势库-md","汉服室内拍照姿势库","国风/汉服","Obsidian","22","命中选题关键词/场景；匹配姿势引导"
"cafe-daily","咖啡馆日常写真","poseGuide","姿势引导","现场给模特说什么、身体怎么摆、动作怎么引导。","00-小红书收藏-拍摄专辑-8个咖啡店-下午茶拍照姿势-氛围感拉满-17","8个咖啡店☕下午茶拍照姿势，氛围感拉满！","姿势/引导","小红书/Obsidian","21","命中选题关键词/场景；匹配姿势引导"
"cafe-daily","咖啡馆日常写真","composition","构图","选择三分、居中、线条、留白、前后景层次等构图策略。","pose-侧坐案前-条目-5-5","条目 5","国风/汉服","Obsidian","14","命中选题关键词/场景；匹配构图"
"cafe-daily","咖啡馆日常写真","composition","构图","选择三分、居中、线条、留白、前后景层次等构图策略。","doc-摄影姿势库-汉服-园林汉服-pose-回眸侧身-md","回眸侧身姿势","国风/汉服","Obsidian","11","命中选题关键词/场景；匹配构图"
"cafe-daily","咖啡馆日常写真","composition","构图","选择三分、居中、线条、留白、前后景层次等构图策略。","doc-摄影姿势库-汉服-园林汉服-pose-站立持花-md","站立持花姿势","国风/汉服","Obsidian","11","命中选题关键词/场景；匹配构图"
"cafe-daily","咖啡馆日常写真","composition","构图","选择三分、居中、线条、留白、前后景层次等构图策略。","doc-摄影姿势库-汉服-室内汉服-pose-侧坐案前-md","侧坐案前姿势","国风/汉服","Obsidian","11","命中选题关键词/场景；匹配构图"
"cafe-daily","咖啡馆日常写真","composition","构图","选择三分、居中、线条、留白、前后景层次等构图策略。","00-小红书收藏-拍摄专辑-学到了-海边拍照氛围感万能出片技巧-2","学到了！海边拍照氛围感万能出片技巧","构图/技巧","小红书/Obsidian","9","命中选题关键词/场景；匹配构图"
"cafe-daily","咖啡馆日常写真","composition","构图","选择三分、居中、线条、留白、前后景层次等构图策略。","00-笔记索引-如何在光影下拍出动感大片-22","如何在光影下拍出动感大片？","构图/技巧","小红书/Obsidian","9","命中选题关键词/场景；匹配构图"
"cafe-daily","咖啡馆日常写真","lighting","光线","决定自然光、窗边光、逆光、夜景霓虹、光影对比等现场条件。","doc-摄影姿势库-拍摄指南-小清新少女风拍摄手册-md","小清新少女风拍摄手册","姿势/引导","Obsidian","10","命中选题关键词/场景；匹配光线；高优先级参考"
"cafe-daily","咖啡馆日常写真","lighting","光线","决定自然光、窗边光、逆光、夜景霓虹、光影对比等现场条件。","doc-摄影姿势库-汉服-园林汉服-pose-回眸侧身-md","回眸侧身姿势","国风/汉服","Obsidian","9","命中选题关键词/场景；匹配光线"
"cafe-daily","咖啡馆日常写真","lighting","光线","决定自然光、窗边光、逆光、夜景霓虹、光影对比等现场条件。","pose-回眸侧身-条目-3-3","条目 3","国风/汉服","Obsidian","9","命中选题关键词/场景；匹配光线"
"cafe-daily","咖啡馆日常写真","lighting","光线","决定自然光、窗边光、逆光、夜景霓虹、光影对比等现场条件。","00-笔记索引-如何在光影下拍出动感大片-22","如何在光影下拍出动感大片？","构图/技巧","小红书/Obsidian","7","命中选题关键词/场景；匹配光线"
"cafe-daily","咖啡馆日常写真","lighting","光线","决定自然光、窗边光、逆光、夜景霓虹、光影对比等现场条件。","00-笔记索引-阳光下的活人感大片-24","阳光下的活人感大片！","综合参考","小红书/Obsidian","7","命中选题关键词/场景；匹配光线"
"cafe-daily","咖啡馆日常写真","lighting","光线","决定自然光、窗边光、逆光、夜景霓虹、光影对比等现场条件。","00-笔记索引-用全屏-live-走进我的夏日阳光农场-27","用全屏 live 走进我的夏日阳光农场🏡","综合参考","小红书/Obsidian","7","命中选题关键词/场景；匹配光线"
"cafe-daily","咖啡馆日常写真","colorLut","LUT/调色","只放调色、胶片、LUT、色彩管线和后期相关内容。","00-小红书收藏-拍摄专辑-当我通过colorwalk去拍照-就会得到-33","当我通过colorwalk去拍照 🌼就会得到...","调色/后期","小红书/Obsidian","23","命中选题关键词/场景；匹配LUT/调色"
"cafe-daily","咖啡馆日常写真","colorLut","LUT/调色","只放调色、胶片、LUT、色彩管线和后期相关内容。","00-笔记索引-用colorfit给夏天点颜色瞧瞧-32","用colorfit给夏天点颜色瞧瞧‼️","调色/后期","小红书/Obsidian","23","命中选题关键词/场景；匹配LUT/调色"
"cafe-daily","咖啡馆日常写真","colorLut","LUT/调色","只放调色、胶片、LUT、色彩管线和后期相关内容。","00-小红书收藏-调色专辑-私藏干货-日系漫画调色参数分享-1","私藏干货！日系漫画调色参数分享✨","调色/后期","小红书/Obsidian","23","命中选题关键词/场景；匹配LUT/调色"
"cafe-daily","咖啡馆日常写真","publishingCopy","发布/SEO文案","标题、封面字、正文结构、平台关键词和发布角度。","xiaohongshu","小红书","中文案例/拍摄过程","小红书","22","命中选题关键词/场景；匹配发布/SEO文案；高优先级参考"
"cafe-daily","咖啡馆日常写真","publishingCopy","发布/SEO文案","标题、封面字、正文结构、平台关键词和发布角度。","00-小红书收藏-拍摄专辑-8个咖啡店-下午茶拍照姿势-氛围感拉满-17","8个咖啡店☕下午茶拍照姿势，氛围感拉满！","姿势/引导","小红书/Obsidian","13","命中选题关键词/场景；匹配发布/SEO文案"
"cafe-daily","咖啡馆日常写真","publishingCopy","发布/SEO文案","标题、封面字、正文结构、平台关键词和发布角度。","00-小红书收藏-拍摄专辑-i人也能拍出生命力-5个氧气感汉服拍照动作-18","i人也能拍出生命力！5个氧气感汉服拍照动作","国风/汉服","小红书/Obsidian","11","命中选题关键词/场景；匹配发布/SEO文案；高优先级参考"
"cafe-daily","咖啡馆日常写真","publishingCopy","发布/SEO文案","标题、封面字、正文结构、平台关键词和发布角度。","00-小红书收藏-视频拍摄专辑-别再乱拍空镜-这才是电影感正确拍法-4","别再乱拍空镜，这才是电影感正确拍法！","视频拍摄","小红书/Obsidian","11","命中选题关键词/场景；匹配发布/SEO文案；高优先级参考"
"cafe-daily","咖啡馆日常写真","publishingCopy","发布/SEO文案","标题、封面字、正文结构、平台关键词和发布角度。","00-小红书收藏-拍摄专辑-学到了-海边拍照氛围感万能出片技巧-2","学到了！海边拍照氛围感万能出片技巧","构图/技巧","小红书/Obsidian","10","命中选题关键词/场景；匹配发布/SEO文案"
"cafe-daily","咖啡馆日常写真","publishingCopy","发布/SEO文案","标题、封面字、正文结构、平台关键词和发布角度。","00-小红书收藏-拍摄专辑-青春胶片感单人毕业照-i人拍照姿势合集-3","🍃青春胶片感单人毕业照🎓i人拍照姿势合集","姿势/引导","小红书/Obsidian","10","命中选题关键词/场景；匹配发布/SEO文案"
"urban-night","城市夜景电影感","materialReference","素材参考","图片、视频、平台链接和本地示例图，只负责看画面/找素材，不承担姿势或调色决策。","pixabay","Pixabay","免费商用图片/视频","Pixabay","17","命中选题关键词/场景；匹配素材参考；高优先级参考"
"urban-night","城市夜景电影感","materialReference","素材参考","图片、视频、平台链接和本地示例图，只负责看画面/找素材，不承担姿势或调色决策。","pexels","Pexels","免费商用图片/视频","Pexels","15","命中选题关键词/场景；匹配素材参考；高优先级参考"
"urban-night","城市夜景电影感","materialReference","素材参考","图片、视频、平台链接和本地示例图，只负责看画面/找素材，不承担姿势或调色决策。","asset-摄影姿势库-汉服-园林汉服-示例图-pose-01-jpg","pose_01","国风/汉服","本地素材","14","匹配素材参考"
"urban-night","城市夜景电影感","materialReference","素材参考","图片、视频、平台链接和本地示例图，只负责看画面/找素材，不承担姿势或调色决策。","asset-摄影姿势库-汉服-园林汉服-示例图-pose-02-jpg","pose_02","国风/汉服","本地素材","14","匹配素材参考"
"urban-night","城市夜景电影感","materialReference","素材参考","图片、视频、平台链接和本地示例图，只负责看画面/找素材，不承担姿势或调色决策。","asset-摄影姿势库-汉服-园林汉服-示例图-pose-03-jpg","pose_03","国风/汉服","本地素材","14","匹配素材参考"
"urban-night","城市夜景电影感","materialReference","素材参考","图片、视频、平台链接和本地示例图，只负责看画面/找素材，不承担姿势或调色决策。","asset-摄影姿势库-汉服-园林汉服-示例图-pose-04-jpg","pose_04","国风/汉服","本地素材","14","匹配素材参考"
"urban-night","城市夜景电影感","materialReference","素材参考","图片、视频、平台链接和本地示例图，只负责看画面/找素材，不承担姿势或调色决策。","flickr-cc","Flickr Creative Commons","授权可筛选图片","Flickr","12","命中选题关键词/场景；匹配素材参考；高优先级参考"
"urban-night","城市夜景电影感","materialReference","素材参考","图片、视频、平台链接和本地示例图，只负责看画面/找素材，不承担姿势或调色决策。","00-小红书收藏-视频拍摄专辑-别再乱拍空镜-这才是电影感正确拍法-4","别再乱拍空镜，这才是电影感正确拍法！","视频拍摄","小红书/Obsidian","12","命中选题关键词/场景；匹配素材参考；高优先级参考"
"urban-night","城市夜景电影感","materialReference","素材参考","图片、视频、平台链接和本地示例图，只负责看画面/找素材，不承担姿势或调色决策。","asset-摄影姿势库-姿势示意图-坐姿-04-台阶坐姿-png","04_台阶坐姿","姿势/引导","本地素材","11","匹配素材参考"
"urban-night","城市夜景电影感","materialReference","素材参考","图片、视频、平台链接和本地示例图，只负责看画面/找素材，不承担姿势或调色决策。","asset-摄影姿势库-姿势示意图-坐姿-pexels-03-台阶坐-jpg","pexels_03_台阶坐","姿势/引导","本地素材","11","匹配素材参考"
"urban-night","城市夜景电影感","shotAngle","拍摄角度/景别","决定镜头距离、机位、运动方式和画面覆盖范围。","doc-摄影姿势库-汉服-园林汉服-pose-回眸侧身-md","回眸侧身姿势","国风/汉服","Obsidian","19","匹配拍摄角度/景别"
"urban-night","城市夜景电影感","shotAngle","拍摄角度/景别","决定镜头距离、机位、运动方式和画面覆盖范围。","doc-摄影姿势库-汉服-园林汉服-00-园林汉服姿势库-md","汉服园林拍照姿势库","国风/汉服","Obsidian","14","匹配拍摄角度/景别"
"urban-night","城市夜景电影感","shotAngle","拍摄角度/景别","决定镜头距离、机位、运动方式和画面覆盖范围。","pose-回眸侧身-条目-1-1","条目 1","国风/汉服","Obsidian","14","匹配拍摄角度/景别"
"urban-night","城市夜景电影感","shotAngle","拍摄角度/景别","决定镜头距离、机位、运动方式和画面覆盖范围。","pose-侧坐案前-条目-5-5","条目 5","国风/汉服","Obsidian","14","匹配拍摄角度/景别"
"urban-night","城市夜景电影感","shotAngle","拍摄角度/景别","决定镜头距离、机位、运动方式和画面覆盖范围。","doc-摄影姿势库-汉服-园林汉服-pose-站立持花-md","站立持花姿势","国风/汉服","Obsidian","14","匹配拍摄角度/景别"
"urban-night","城市夜景电影感","shotAngle","拍摄角度/景别","决定镜头距离、机位、运动方式和画面覆盖范围。","doc-摄影姿势库-汉服-室内汉服-pose-侧坐案前-md","侧坐案前姿势","国风/汉服","Obsidian","14","匹配拍摄角度/景别"
"urban-night","城市夜景电影感","poseGuide","姿势引导","现场给模特说什么、身体怎么摆、动作怎么引导。","doc-摄影姿势库-汉服-园林汉服-00-园林汉服姿势库-md","汉服园林拍照姿势库","国风/汉服","Obsidian","24","匹配姿势引导"
"urban-night","城市夜景电影感","poseGuide","姿势引导","现场给模特说什么、身体怎么摆、动作怎么引导。","doc-摄影姿势库-汉服-园林汉服-pose-回眸侧身-md","回眸侧身姿势","国风/汉服","Obsidian","21","匹配姿势引导"
"urban-night","城市夜景电影感","poseGuide","姿势引导","现场给模特说什么、身体怎么摆、动作怎么引导。","doc-摄影姿势库-姿势示意图-readme-真实参考-md","README_真实参考","姿势/引导","Obsidian","20","匹配姿势引导"
"urban-night","城市夜景电影感","poseGuide","姿势引导","现场给模特说什么、身体怎么摆、动作怎么引导。","asset-摄影姿势库-姿势示意图-站姿-03-回眸站-png","03_回眸站","姿势/引导","本地素材","20","匹配姿势引导"
"urban-night","城市夜景电影感","poseGuide","姿势引导","现场给模特说什么、身体怎么摆、动作怎么引导。","doc-摄影姿势库-汉服-室内汉服-00-室内汉服姿势库-md","汉服室内拍照姿势库","国风/汉服","Obsidian","18","匹配姿势引导"
"urban-night","城市夜景电影感","poseGuide","姿势引导","现场给模特说什么、身体怎么摆、动作怎么引导。","00-小红书收藏-设计专辑-7-个-vibecoder-都应该知道的网站-5","7 个 vibecoder 都应该知道的网站","姿势/引导","小红书/Obsidian","17","匹配姿势引导"
"urban-night","城市夜景电影感","composition","构图","选择三分、居中、线条、留白、前后景层次等构图策略。","pose-侧坐案前-条目-5-5","条目 5","国风/汉服","Obsidian","11","匹配构图"
"urban-night","城市夜景电影感","composition","构图","选择三分、居中、线条、留白、前后景层次等构图策略。","00-笔记索引-如何在光影下拍出动感大片-22","如何在光影下拍出动感大片？","构图/技巧","小红书/Obsidian","8","命中选题关键词/场景；匹配构图"
"urban-night","城市夜景电影感","composition","构图","选择三分、居中、线条、留白、前后景层次等构图策略。","huaban","花瓣网","灵感板/视觉风格","花瓣","6","命中选题关键词/场景；匹配构图；高优先级参考"
"urban-night","城市夜景电影感","composition","构图","选择三分、居中、线条、留白、前后景层次等构图策略。","00-小红书收藏-拍摄专辑-存一些拍花技巧-9个万能构图技巧-姿势-12","存一些拍花技巧📷 9个万能构图技巧➕姿势","姿势/引导","小红书/Obsidian","6","命中选题关键词/场景；匹配构图；高优先级参考"
"urban-night","城市夜景电影感","composition","构图","选择三分、居中、线条、留白、前后景层次等构图策略。","00-笔记索引-人像摄影16种构图及拍摄思路-36","📸人像摄影16种构图及拍摄思路","构图/技巧","小红书/Obsidian","6","命中选题关键词/场景；匹配构图；高优先级参考"
"urban-night","城市夜景电影感","composition","构图","选择三分、居中、线条、留白、前后景层次等构图策略。","00-小红书收藏-拍摄专辑-存一些拍蓝花楹技巧-9个万能构图-姿势-24","存一些拍蓝花楹技巧📷 9个万能构图➕姿势","姿势/引导","小红书/Obsidian","6","命中选题关键词/场景；匹配构图；高优先级参考"
"urban-night","城市夜景电影感","lighting","光线","决定自然光、窗边光、逆光、夜景霓虹、光影对比等现场条件。","00-笔记索引-如何在光影下拍出动感大片-22","如何在光影下拍出动感大片？","构图/技巧","小红书/Obsidian","6","命中选题关键词/场景；匹配光线"
"urban-night","城市夜景电影感","lighting","光线","决定自然光、窗边光、逆光、夜景霓虹、光影对比等现场条件。","doc-摄影姿势库-拍摄指南-小清新少女风拍摄手册-md","小清新少女风拍摄手册","姿势/引导","Obsidian","4","命中选题关键词/场景；匹配光线；高优先级参考"
"urban-night","城市夜景电影感","lighting","光线","决定自然光、窗边光、逆光、夜景霓虹、光影对比等现场条件。","00-笔记索引-阳光下的活人感大片-24","阳光下的活人感大片！","综合参考","小红书/Obsidian","3","匹配光线"
"urban-night","城市夜景电影感","lighting","光线","决定自然光、窗边光、逆光、夜景霓虹、光影对比等现场条件。","00-笔记索引-用全屏-live-走进我的夏日阳光农场-27","用全屏 live 走进我的夏日阳光农场🏡","综合参考","小红书/Obsidian","3","匹配光线"
"urban-night","城市夜景电影感","lighting","光线","决定自然光、窗边光、逆光、夜景霓虹、光影对比等现场条件。","小清新少女风拍摄手册-条目-2-2","条目 2","姿势/引导","Obsidian","3","匹配光线"
"urban-night","城市夜景电影感","lighting","光线","决定自然光、窗边光、逆光、夜景霓虹、光影对比等现场条件。","doc-摄影姿势库-汉服-园林汉服-pose-回眸侧身-md","回眸侧身姿势","国风/汉服","Obsidian","3","匹配光线"
"urban-night","城市夜景电影感","colorLut","LUT/调色","只放调色、胶片、LUT、色彩管线和后期相关内容。","00-小红书收藏-拍摄专辑-当我通过colorwalk去拍照-就会得到-33","当我通过colorwalk去拍照 🌼就会得到...","调色/后期","小红书/Obsidian","22","匹配LUT/调色"
"urban-night","城市夜景电影感","colorLut","LUT/调色","只放调色、胶片、LUT、色彩管线和后期相关内容。","00-笔记索引-用colorfit给夏天点颜色瞧瞧-32","用colorfit给夏天点颜色瞧瞧‼️","调色/后期","小红书/Obsidian","22","匹配LUT/调色"
"urban-night","城市夜景电影感","colorLut","LUT/调色","只放调色、胶片、LUT、色彩管线和后期相关内容。","00-小红书收藏-调色专辑-私藏干货-日系漫画调色参数分享-1","私藏干货！日系漫画调色参数分享✨","调色/后期","小红书/Obsidian","22","匹配LUT/调色"
"urban-night","城市夜景电影感","publishingCopy","发布/SEO文案","标题、封面字、正文结构、平台关键词和发布角度。","xiaohongshu","小红书","中文案例/拍摄过程","小红书","21","命中选题关键词/场景；匹配发布/SEO文案；高优先级参考"
"urban-night","城市夜景电影感","publishingCopy","发布/SEO文案","标题、封面字、正文结构、平台关键词和发布角度。","00-小红书收藏-视频拍摄专辑-别再乱拍空镜-这才是电影感正确拍法-4","别再乱拍空镜，这才是电影感正确拍法！","视频拍摄","小红书/Obsidian","12","命中选题关键词/场景；匹配发布/SEO文案；高优先级参考"
"urban-night","城市夜景电影感","publishingCopy","发布/SEO文案","标题、封面字、正文结构、平台关键词和发布角度。","00-小红书收藏-拍摄专辑-蔷薇花墙拍照太绝了-电影感写真这样拍-14","📸蔷薇花墙拍照太绝了！电影感写真这样拍🎞️","视频拍摄","小红书/Obsidian","10","命中选题关键词/场景；匹配发布/SEO文案；高优先级参考"
"urban-night","城市夜景电影感","publishingCopy","发布/SEO文案","标题、封面字、正文结构、平台关键词和发布角度。","00-小红书收藏-视频拍摄专辑-vlog没有电影感-90-新手缺这3个细节-3","vlog没有电影感？90%新手缺这3个细节","视频拍摄","小红书/Obsidian","10","命中选题关键词/场景；匹配发布/SEO文案；高优先级参考"
"urban-night","城市夜景电影感","publishingCopy","发布/SEO文案","标题、封面字、正文结构、平台关键词和发布角度。","00-小红书收藏-拍摄专辑-如何在光影下拍出动感大片-21","如何在光影下拍出动感大片？","构图/技巧","小红书/Obsidian","9","命中选题关键词/场景；匹配发布/SEO文案"
"urban-night","城市夜景电影感","publishingCopy","发布/SEO文案","标题、封面字、正文结构、平台关键词和发布角度。","00-小红书收藏-拍摄专辑-当我学会用电影视角拍照片-30","当我学会用电影视角拍照片","视频拍摄","小红书/Obsidian","9","命中选题关键词/场景；匹配发布/SEO文案"
"video-vlog-cinematic","Vlog/短视频电影感","materialReference","素材参考","图片、视频、平台链接和本地示例图，只负责看画面/找素材，不承担姿势或调色决策。","pixabay","Pixabay","免费商用图片/视频","Pixabay","23","命中选题关键词/场景；匹配素材参考；高优先级参考"
"video-vlog-cinematic","Vlog/短视频电影感","materialReference","素材参考","图片、视频、平台链接和本地示例图，只负责看画面/找素材，不承担姿势或调色决策。","pexels","Pexels","免费商用图片/视频","Pexels","18","命中选题关键词/场景；匹配素材参考；高优先级参考"
"video-vlog-cinematic","Vlog/短视频电影感","materialReference","素材参考","图片、视频、平台链接和本地示例图，只负责看画面/找素材，不承担姿势或调色决策。","00-小红书收藏-视频拍摄专辑-别再乱拍空镜-这才是电影感正确拍法-4","别再乱拍空镜，这才是电影感正确拍法！","视频拍摄","小红书/Obsidian","18","命中选题关键词/场景；匹配素材参考；高优先级参考"
"video-vlog-cinematic","Vlog/短视频电影感","materialReference","素材参考","图片、视频、平台链接和本地示例图，只负责看画面/找素材，不承担姿势或调色决策。","00-小红书收藏-视频拍摄专辑-vlog没有电影感-90-新手缺这3个细节-3","vlog没有电影感？90%新手缺这3个细节","视频拍摄","小红书/Obsidian","16","命中选题关键词/场景；匹配素材参考；高优先级参考"
"video-vlog-cinematic","Vlog/短视频电影感","materialReference","素材参考","图片、视频、平台链接和本地示例图，只负责看画面/找素材，不承担姿势或调色决策。","00-小红书收藏-视频拍摄专辑-终于轮到我拍这个毕业转场啦-2","终于轮到我拍这个毕业转场啦🎓","视频拍摄","小红书/Obsidian","14","命中选题关键词/场景；匹配素材参考"
"video-vlog-cinematic","Vlog/短视频电影感","materialReference","素材参考","图片、视频、平台链接和本地示例图，只负责看画面/找素材，不承担姿势或调色决策。","asset-摄影姿势库-汉服-园林汉服-示例图-pose-01-jpg","pose_01","国风/汉服","本地素材","14","匹配素材参考"
"video-vlog-cinematic","Vlog/短视频电影感","materialReference","素材参考","图片、视频、平台链接和本地示例图，只负责看画面/找素材，不承担姿势或调色决策。","asset-摄影姿势库-汉服-园林汉服-示例图-pose-02-jpg","pose_02","国风/汉服","本地素材","14","匹配素材参考"
"video-vlog-cinematic","Vlog/短视频电影感","materialReference","素材参考","图片、视频、平台链接和本地示例图，只负责看画面/找素材，不承担姿势或调色决策。","asset-摄影姿势库-汉服-园林汉服-示例图-pose-03-jpg","pose_03","国风/汉服","本地素材","14","匹配素材参考"
"video-vlog-cinematic","Vlog/短视频电影感","materialReference","素材参考","图片、视频、平台链接和本地示例图，只负责看画面/找素材，不承担姿势或调色决策。","asset-摄影姿势库-汉服-园林汉服-示例图-pose-04-jpg","pose_04","国风/汉服","本地素材","14","匹配素材参考"
"video-vlog-cinematic","Vlog/短视频电影感","materialReference","素材参考","图片、视频、平台链接和本地示例图，只负责看画面/找素材，不承担姿势或调色决策。","00-小红书收藏-拍摄专辑-蔷薇花墙拍照太绝了-电影感写真这样拍-14","📸蔷薇花墙拍照太绝了！电影感写真这样拍🎞️","视频拍摄","小红书/Obsidian","13","命中选题关键词/场景；匹配素材参考；高优先级参考"
"video-vlog-cinematic","Vlog/短视频电影感","shotAngle","拍摄角度/景别","决定镜头距离、机位、运动方式和画面覆盖范围。","doc-摄影姿势库-汉服-园林汉服-pose-回眸侧身-md","回眸侧身姿势","国风/汉服","Obsidian","19","匹配拍摄角度/景别"
"video-vlog-cinematic","Vlog/短视频电影感","shotAngle","拍摄角度/景别","决定镜头距离、机位、运动方式和画面覆盖范围。","00-小红书收藏-视频拍摄专辑-别再乱拍空镜-这才是电影感正确拍法-4","别再乱拍空镜，这才是电影感正确拍法！","视频拍摄","小红书/Obsidian","17","命中选题关键词/场景；匹配拍摄角度/景别；高优先级参考"
"video-vlog-cinematic","Vlog/短视频电影感","shotAngle","拍摄角度/景别","决定镜头距离、机位、运动方式和画面覆盖范围。","00-笔记索引-大疆稳定器使用技巧-15","大疆稳定器使用技巧","构图/技巧","小红书/Obsidian","15","命中选题关键词/场景；匹配拍摄角度/景别；高优先级参考"
"video-vlog-cinematic","Vlog/短视频电影感","shotAngle","拍摄角度/景别","决定镜头距离、机位、运动方式和画面覆盖范围。","doc-摄影姿势库-汉服-园林汉服-00-园林汉服姿势库-md","汉服园林拍照姿势库","国风/汉服","Obsidian","15","命中选题关键词/场景；匹配拍摄角度/景别"
"video-vlog-cinematic","Vlog/短视频电影感","shotAngle","拍摄角度/景别","决定镜头距离、机位、运动方式和画面覆盖范围。","pixabay","Pixabay","免费商用图片/视频","Pixabay","14","命中选题关键词/场景；匹配拍摄角度/景别；高优先级参考"
"video-vlog-cinematic","Vlog/短视频电影感","shotAngle","拍摄角度/景别","决定镜头距离、机位、运动方式和画面覆盖范围。","00-小红书收藏-视频拍摄专辑-vlog没有电影感-90-新手缺这3个细节-3","vlog没有电影感？90%新手缺这3个细节","视频拍摄","小红书/Obsidian","14","命中选题关键词/场景；匹配拍摄角度/景别；高优先级参考"
"video-vlog-cinematic","Vlog/短视频电影感","poseGuide","姿势引导","现场给模特说什么、身体怎么摆、动作怎么引导。","doc-摄影姿势库-汉服-园林汉服-00-园林汉服姿势库-md","汉服园林拍照姿势库","国风/汉服","Obsidian","25","命中选题关键词/场景；匹配姿势引导"
"video-vlog-cinematic","Vlog/短视频电影感","poseGuide","姿势引导","现场给模特说什么、身体怎么摆、动作怎么引导。","doc-摄影姿势库-汉服-园林汉服-pose-回眸侧身-md","回眸侧身姿势","国风/汉服","Obsidian","21","匹配姿势引导"
"video-vlog-cinematic","Vlog/短视频电影感","poseGuide","姿势引导","现场给模特说什么、身体怎么摆、动作怎么引导。","doc-摄影姿势库-姿势示意图-readme-真实参考-md","README_真实参考","姿势/引导","Obsidian","20","匹配姿势引导"
"video-vlog-cinematic","Vlog/短视频电影感","poseGuide","姿势引导","现场给模特说什么、身体怎么摆、动作怎么引导。","asset-摄影姿势库-姿势示意图-站姿-03-回眸站-png","03_回眸站","姿势/引导","本地素材","20","匹配姿势引导"
"video-vlog-cinematic","Vlog/短视频电影感","poseGuide","姿势引导","现场给模特说什么、身体怎么摆、动作怎么引导。","asset-摄影姿势库-姿势示意图-坐姿-pexels-09-咖啡馆坐-jpg","pexels_09_咖啡馆坐","姿势/引导","本地素材","19","命中选题关键词/场景；匹配姿势引导"
"video-vlog-cinematic","Vlog/短视频电影感","poseGuide","姿势引导","现场给模特说什么、身体怎么摆、动作怎么引导。","00-小红书收藏-视频拍摄专辑-别再乱拍空镜-这才是电影感正确拍法-4","别再乱拍空镜，这才是电影感正确拍法！","视频拍摄","小红书/Obsidian","18","命中选题关键词/场景；匹配姿势引导；高优先级参考"
"video-vlog-cinematic","Vlog/短视频电影感","composition","构图","选择三分、居中、线条、留白、前后景层次等构图策略。","pose-侧坐案前-条目-5-5","条目 5","国风/汉服","Obsidian","11","匹配构图"
"video-vlog-cinematic","Vlog/短视频电影感","composition","构图","选择三分、居中、线条、留白、前后景层次等构图策略。","00-笔记索引-大疆稳定器使用技巧-15","大疆稳定器使用技巧","构图/技巧","小红书/Obsidian","10","命中选题关键词/场景；匹配构图；高优先级参考"
"video-vlog-cinematic","Vlog/短视频电影感","composition","构图","选择三分、居中、线条、留白、前后景层次等构图策略。","huaban","花瓣网","灵感板/视觉风格","花瓣","6","命中选题关键词/场景；匹配构图；高优先级参考"
"video-vlog-cinematic","Vlog/短视频电影感","composition","构图","选择三分、居中、线条、留白、前后景层次等构图策略。","00-小红书收藏-拍摄专辑-存一些拍花技巧-9个万能构图技巧-姿势-12","存一些拍花技巧📷 9个万能构图技巧➕姿势","姿势/引导","小红书/Obsidian","6","命中选题关键词/场景；匹配构图；高优先级参考"
"video-vlog-cinematic","Vlog/短视频电影感","composition","构图","选择三分、居中、线条、留白、前后景层次等构图策略。","00-笔记索引-人像摄影16种构图及拍摄思路-36","📸人像摄影16种构图及拍摄思路","构图/技巧","小红书/Obsidian","6","命中选题关键词/场景；匹配构图；高优先级参考"
"video-vlog-cinematic","Vlog/短视频电影感","composition","构图","选择三分、居中、线条、留白、前后景层次等构图策略。","00-小红书收藏-拍摄专辑-存一些拍蓝花楹技巧-9个万能构图-姿势-24","存一些拍蓝花楹技巧📷 9个万能构图➕姿势","姿势/引导","小红书/Obsidian","6","命中选题关键词/场景；匹配构图；高优先级参考"
"video-vlog-cinematic","Vlog/短视频电影感","lighting","光线","决定自然光、窗边光、逆光、夜景霓虹、光影对比等现场条件。","doc-摄影姿势库-拍摄指南-小清新少女风拍摄手册-md","小清新少女风拍摄手册","姿势/引导","Obsidian","6","命中选题关键词/场景；匹配光线；高优先级参考"
"video-vlog-cinematic","Vlog/短视频电影感","lighting","光线","决定自然光、窗边光、逆光、夜景霓虹、光影对比等现场条件。","00-笔记索引-如何在光影下拍出动感大片-22","如何在光影下拍出动感大片？","构图/技巧","小红书/Obsidian","3","匹配光线"
"video-vlog-cinematic","Vlog/短视频电影感","lighting","光线","决定自然光、窗边光、逆光、夜景霓虹、光影对比等现场条件。","00-笔记索引-阳光下的活人感大片-24","阳光下的活人感大片！","综合参考","小红书/Obsidian","3","匹配光线"
"video-vlog-cinematic","Vlog/短视频电影感","lighting","光线","决定自然光、窗边光、逆光、夜景霓虹、光影对比等现场条件。","00-笔记索引-用全屏-live-走进我的夏日阳光农场-27","用全屏 live 走进我的夏日阳光农场🏡","综合参考","小红书/Obsidian","3","匹配光线"
"video-vlog-cinematic","Vlog/短视频电影感","lighting","光线","决定自然光、窗边光、逆光、夜景霓虹、光影对比等现场条件。","小清新少女风拍摄手册-条目-2-2","条目 2","姿势/引导","Obsidian","3","匹配光线"
"video-vlog-cinematic","Vlog/短视频电影感","lighting","光线","决定自然光、窗边光、逆光、夜景霓虹、光影对比等现场条件。","doc-摄影姿势库-汉服-园林汉服-pose-回眸侧身-md","回眸侧身姿势","国风/汉服","Obsidian","3","匹配光线"
"video-vlog-cinematic","Vlog/短视频电影感","colorLut","LUT/调色","只放调色、胶片、LUT、色彩管线和后期相关内容。","00-小红书收藏-拍摄专辑-当我通过colorwalk去拍照-就会得到-33","当我通过colorwalk去拍照 🌼就会得到...","调色/后期","小红书/Obsidian","22","匹配LUT/调色"
"video-vlog-cinematic","Vlog/短视频电影感","colorLut","LUT/调色","只放调色、胶片、LUT、色彩管线和后期相关内容。","00-笔记索引-用colorfit给夏天点颜色瞧瞧-32","用colorfit给夏天点颜色瞧瞧‼️","调色/后期","小红书/Obsidian","22","匹配LUT/调色"
"video-vlog-cinematic","Vlog/短视频电影感","colorLut","LUT/调色","只放调色、胶片、LUT、色彩管线和后期相关内容。","00-小红书收藏-调色专辑-私藏干货-日系漫画调色参数分享-1","私藏干货！日系漫画调色参数分享✨","调色/后期","小红书/Obsidian","22","匹配LUT/调色"
"video-vlog-cinematic","Vlog/短视频电影感","publishingCopy","发布/SEO文案","标题、封面字、正文结构、平台关键词和发布角度。","xiaohongshu","小红书","中文案例/拍摄过程","小红书","21","命中选题关键词/场景；匹配发布/SEO文案；高优先级参考"
"video-vlog-cinematic","Vlog/短视频电影感","publishingCopy","发布/SEO文案","标题、封面字、正文结构、平台关键词和发布角度。","00-小红书收藏-视频拍摄专辑-别再乱拍空镜-这才是电影感正确拍法-4","别再乱拍空镜，这才是电影感正确拍法！","视频拍摄","小红书/Obsidian","18","命中选题关键词/场景；匹配发布/SEO文案；高优先级参考"
"video-vlog-cinematic","Vlog/短视频电影感","publishingCopy","发布/SEO文案","标题、封面字、正文结构、平台关键词和发布角度。","00-小红书收藏-视频拍摄专辑-vlog没有电影感-90-新手缺这3个细节-3","vlog没有电影感？90%新手缺这3个细节","视频拍摄","小红书/Obsidian","16","命中选题关键词/场景；匹配发布/SEO文案；高优先级参考"
"video-vlog-cinematic","Vlog/短视频电影感","publishingCopy","发布/SEO文案","标题、封面字、正文结构、平台关键词和发布角度。","00-小红书收藏-视频拍摄专辑-终于轮到我拍这个毕业转场啦-2","终于轮到我拍这个毕业转场啦🎓","视频拍摄","小红书/Obsidian","14","命中选题关键词/场景；匹配发布/SEO文案"
"video-vlog-cinematic","Vlog/短视频电影感","publishingCopy","发布/SEO文案","标题、封面字、正文结构、平台关键词和发布角度。","00-小红书收藏-拍摄专辑-蔷薇花墙拍照太绝了-电影感写真这样拍-14","📸蔷薇花墙拍照太绝了！电影感写真这样拍🎞️","视频拍摄","小红书/Obsidian","13","命中选题关键词/场景；匹配发布/SEO文案；高优先级参考"
"video-vlog-cinematic","Vlog/短视频电影感","publishingCopy","发布/SEO文案","标题、封面字、正文结构、平台关键词和发布角度。","00-小红书收藏-拍摄专辑-当我学会用电影视角拍照片-30","当我学会用电影视角拍照片","视频拍摄","小红书/Obsidian","12","命中选题关键词/场景；匹配发布/SEO文案"
"couple-city-story","城市情侣故事感","materialReference","素材参考","图片、视频、平台链接和本地示例图，只负责看画面/找素材，不承担姿势或调色决策。","pexels","Pexels","免费商用图片/视频","Pexels","15","命中选题关键词/场景；匹配素材参考；高优先级参考"
"couple-city-story","城市情侣故事感","materialReference","素材参考","图片、视频、平台链接和本地示例图，只负责看画面/找素材，不承担姿势或调色决策。","pixabay","Pixabay","免费商用图片/视频","Pixabay","15","命中选题关键词/场景；匹配素材参考；高优先级参考"
"couple-city-story","城市情侣故事感","materialReference","素材参考","图片、视频、平台链接和本地示例图，只负责看画面/找素材，不承担姿势或调色决策。","flickr-cc","Flickr Creative Commons","授权可筛选图片","Flickr","15","命中选题关键词/场景；匹配素材参考；高优先级参考"
"couple-city-story","城市情侣故事感","materialReference","素材参考","图片、视频、平台链接和本地示例图，只负责看画面/找素材，不承担姿势或调色决策。","asset-摄影姿势库-姿势示意图-手部互动-05-撩头发-png","05_撩头发","姿势/引导","本地素材","14","命中选题关键词/场景；匹配素材参考"
"couple-city-story","城市情侣故事感","materialReference","素材参考","图片、视频、平台链接和本地示例图，只负责看画面/找素材，不承担姿势或调色决策。","asset-摄影姿势库-姿势示意图-手部互动-06-托腮-png","06_托腮","姿势/引导","本地素材","14","命中选题关键词/场景；匹配素材参考"
"couple-city-story","城市情侣故事感","materialReference","素材参考","图片、视频、平台链接和本地示例图，只负责看画面/找素材，不承担姿势或调色决策。","asset-摄影姿势库-汉服-园林汉服-示例图-pose-01-jpg","pose_01","国风/汉服","本地素材","14","匹配素材参考"
"couple-city-story","城市情侣故事感","materialReference","素材参考","图片、视频、平台链接和本地示例图，只负责看画面/找素材，不承担姿势或调色决策。","asset-摄影姿势库-汉服-园林汉服-示例图-pose-02-jpg","pose_02","国风/汉服","本地素材","14","匹配素材参考"
"couple-city-story","城市情侣故事感","materialReference","素材参考","图片、视频、平台链接和本地示例图，只负责看画面/找素材，不承担姿势或调色决策。","asset-摄影姿势库-汉服-园林汉服-示例图-pose-03-jpg","pose_03","国风/汉服","本地素材","14","匹配素材参考"
"couple-city-story","城市情侣故事感","materialReference","素材参考","图片、视频、平台链接和本地示例图，只负责看画面/找素材，不承担姿势或调色决策。","asset-摄影姿势库-汉服-园林汉服-示例图-pose-04-jpg","pose_04","国风/汉服","本地素材","14","匹配素材参考"
"couple-city-story","城市情侣故事感","materialReference","素材参考","图片、视频、平台链接和本地示例图，只负责看画面/找素材，不承担姿势或调色决策。","asset-摄影姿势库-姿势示意图-坐姿-04-台阶坐姿-png","04_台阶坐姿","姿势/引导","本地素材","11","匹配素材参考"
"couple-city-story","城市情侣故事感","shotAngle","拍摄角度/景别","决定镜头距离、机位、运动方式和画面覆盖范围。","doc-摄影姿势库-汉服-园林汉服-pose-回眸侧身-md","回眸侧身姿势","国风/汉服","Obsidian","22","命中选题关键词/场景；匹配拍摄角度/景别"
"couple-city-story","城市情侣故事感","shotAngle","拍摄角度/景别","决定镜头距离、机位、运动方式和画面覆盖范围。","doc-摄影姿势库-汉服-园林汉服-00-园林汉服姿势库-md","汉服园林拍照姿势库","国风/汉服","Obsidian","14","匹配拍摄角度/景别"
"couple-city-story","城市情侣故事感","shotAngle","拍摄角度/景别","决定镜头距离、机位、运动方式和画面覆盖范围。","pose-回眸侧身-条目-1-1","条目 1","国风/汉服","Obsidian","14","匹配拍摄角度/景别"
"couple-city-story","城市情侣故事感","shotAngle","拍摄角度/景别","决定镜头距离、机位、运动方式和画面覆盖范围。","pose-侧坐案前-条目-5-5","条目 5","国风/汉服","Obsidian","14","匹配拍摄角度/景别"
"couple-city-story","城市情侣故事感","shotAngle","拍摄角度/景别","决定镜头距离、机位、运动方式和画面覆盖范围。","doc-摄影姿势库-汉服-园林汉服-pose-站立持花-md","站立持花姿势","国风/汉服","Obsidian","14","匹配拍摄角度/景别"
"couple-city-story","城市情侣故事感","shotAngle","拍摄角度/景别","决定镜头距离、机位、运动方式和画面覆盖范围。","doc-摄影姿势库-汉服-室内汉服-pose-侧坐案前-md","侧坐案前姿势","国风/汉服","Obsidian","14","匹配拍摄角度/景别"
"couple-city-story","城市情侣故事感","poseGuide","姿势引导","现场给模特说什么、身体怎么摆、动作怎么引导。","doc-摄影姿势库-汉服-园林汉服-00-园林汉服姿势库-md","汉服园林拍照姿势库","国风/汉服","Obsidian","24","匹配姿势引导"
"couple-city-story","城市情侣故事感","poseGuide","姿势引导","现场给模特说什么、身体怎么摆、动作怎么引导。","doc-摄影姿势库-汉服-园林汉服-pose-回眸侧身-md","回眸侧身姿势","国风/汉服","Obsidian","24","命中选题关键词/场景；匹配姿势引导"
"couple-city-story","城市情侣故事感","poseGuide","姿势引导","现场给模特说什么、身体怎么摆、动作怎么引导。","doc-摄影姿势库-姿势示意图-readme-真实参考-md","README_真实参考","姿势/引导","Obsidian","20","匹配姿势引导"
"couple-city-story","城市情侣故事感","poseGuide","姿势引导","现场给模特说什么、身体怎么摆、动作怎么引导。","asset-摄影姿势库-姿势示意图-手部互动-05-撩头发-png","05_撩头发","姿势/引导","本地素材","20","命中选题关键词/场景；匹配姿势引导"
"couple-city-story","城市情侣故事感","poseGuide","姿势引导","现场给模特说什么、身体怎么摆、动作怎么引导。","asset-摄影姿势库-姿势示意图-手部互动-06-托腮-png","06_托腮","姿势/引导","本地素材","20","命中选题关键词/场景；匹配姿势引导"
"couple-city-story","城市情侣故事感","poseGuide","姿势引导","现场给模特说什么、身体怎么摆、动作怎么引导。","asset-摄影姿势库-姿势示意图-站姿-03-回眸站-png","03_回眸站","姿势/引导","本地素材","20","匹配姿势引导"
"couple-city-story","城市情侣故事感","composition","构图","选择三分、居中、线条、留白、前后景层次等构图策略。","pose-侧坐案前-条目-5-5","条目 5","国风/汉服","Obsidian","11","匹配构图"
"couple-city-story","城市情侣故事感","composition","构图","选择三分、居中、线条、留白、前后景层次等构图策略。","doc-摄影姿势库-汉服-园林汉服-pose-回眸侧身-md","回眸侧身姿势","国风/汉服","Obsidian","8","命中选题关键词/场景；匹配构图"
"couple-city-story","城市情侣故事感","composition","构图","选择三分、居中、线条、留白、前后景层次等构图策略。","huaban","花瓣网","灵感板/视觉风格","花瓣","6","命中选题关键词/场景；匹配构图；高优先级参考"
"couple-city-story","城市情侣故事感","composition","构图","选择三分、居中、线条、留白、前后景层次等构图策略。","00-小红书收藏-拍摄专辑-存一些拍花技巧-9个万能构图技巧-姿势-12","存一些拍花技巧📷 9个万能构图技巧➕姿势","姿势/引导","小红书/Obsidian","6","命中选题关键词/场景；匹配构图；高优先级参考"
"couple-city-story","城市情侣故事感","composition","构图","选择三分、居中、线条、留白、前后景层次等构图策略。","00-笔记索引-人像摄影16种构图及拍摄思路-36","📸人像摄影16种构图及拍摄思路","构图/技巧","小红书/Obsidian","6","命中选题关键词/场景；匹配构图；高优先级参考"
"couple-city-story","城市情侣故事感","composition","构图","选择三分、居中、线条、留白、前后景层次等构图策略。","00-小红书收藏-拍摄专辑-存一些拍蓝花楹技巧-9个万能构图-姿势-24","存一些拍蓝花楹技巧📷 9个万能构图➕姿势","姿势/引导","小红书/Obsidian","6","命中选题关键词/场景；匹配构图；高优先级参考"
"couple-city-story","城市情侣故事感","lighting","光线","决定自然光、窗边光、逆光、夜景霓虹、光影对比等现场条件。","doc-摄影姿势库-拍摄指南-小清新少女风拍摄手册-md","小清新少女风拍摄手册","姿势/引导","Obsidian","7","命中选题关键词/场景；匹配光线；高优先级参考"
"couple-city-story","城市情侣故事感","lighting","光线","决定自然光、窗边光、逆光、夜景霓虹、光影对比等现场条件。","doc-摄影姿势库-汉服-园林汉服-pose-回眸侧身-md","回眸侧身姿势","国风/汉服","Obsidian","6","命中选题关键词/场景；匹配光线"
"couple-city-story","城市情侣故事感","lighting","光线","决定自然光、窗边光、逆光、夜景霓虹、光影对比等现场条件。","00-笔记索引-如何在光影下拍出动感大片-22","如何在光影下拍出动感大片？","构图/技巧","小红书/Obsidian","3","匹配光线"
"couple-city-story","城市情侣故事感","lighting","光线","决定自然光、窗边光、逆光、夜景霓虹、光影对比等现场条件。","00-笔记索引-阳光下的活人感大片-24","阳光下的活人感大片！","综合参考","小红书/Obsidian","3","匹配光线"
"couple-city-story","城市情侣故事感","lighting","光线","决定自然光、窗边光、逆光、夜景霓虹、光影对比等现场条件。","00-笔记索引-用全屏-live-走进我的夏日阳光农场-27","用全屏 live 走进我的夏日阳光农场🏡","综合参考","小红书/Obsidian","3","匹配光线"
"couple-city-story","城市情侣故事感","lighting","光线","决定自然光、窗边光、逆光、夜景霓虹、光影对比等现场条件。","小清新少女风拍摄手册-条目-2-2","条目 2","姿势/引导","Obsidian","3","匹配光线"
"couple-city-story","城市情侣故事感","colorLut","LUT/调色","只放调色、胶片、LUT、色彩管线和后期相关内容。","00-小红书收藏-拍摄专辑-当我通过colorwalk去拍照-就会得到-33","当我通过colorwalk去拍照 🌼就会得到...","调色/后期","小红书/Obsidian","22","匹配LUT/调色"
"couple-city-story","城市情侣故事感","colorLut","LUT/调色","只放调色、胶片、LUT、色彩管线和后期相关内容。","00-笔记索引-用colorfit给夏天点颜色瞧瞧-32","用colorfit给夏天点颜色瞧瞧‼️","调色/后期","小红书/Obsidian","22","匹配LUT/调色"
"couple-city-story","城市情侣故事感","colorLut","LUT/调色","只放调色、胶片、LUT、色彩管线和后期相关内容。","00-小红书收藏-调色专辑-私藏干货-日系漫画调色参数分享-1","私藏干货！日系漫画调色参数分享✨","调色/后期","小红书/Obsidian","22","匹配LUT/调色"
"couple-city-story","城市情侣故事感","publishingCopy","发布/SEO文案","标题、封面字、正文结构、平台关键词和发布角度。","xiaohongshu","小红书","中文案例/拍摄过程","小红书","21","命中选题关键词/场景；匹配发布/SEO文案；高优先级参考"
"couple-city-story","城市情侣故事感","publishingCopy","发布/SEO文案","标题、封面字、正文结构、平台关键词和发布角度。","00-小红书收藏-拍摄专辑-五一在南京这么出片-34","五一在南京这么出片","综合参考","小红书/Obsidian","9","命中选题关键词/场景；匹配发布/SEO文案"
"couple-city-story","城市情侣故事感","publishingCopy","发布/SEO文案","标题、封面字、正文结构、平台关键词和发布角度。","00-小红书收藏-拍摄专辑-5月的蓝花楹是春天写给昆明的诗-43","5月的蓝花楹是春天写给昆明的诗🪻","综合参考","小红书/Obsidian","9","命中选题关键词/场景；匹配发布/SEO文案"
"couple-city-story","城市情侣故事感","publishingCopy","发布/SEO文案","标题、封面字、正文结构、平台关键词和发布角度。","00-笔记索引-朋友圈吃不了的细糠-小红书也吃不了-42","朋友圈吃不了的细糠，小红书也吃不了","综合参考","小红书/Obsidian","9","匹配发布/SEO文案"
"couple-city-story","城市情侣故事感","publishingCopy","发布/SEO文案","标题、封面字、正文结构、平台关键词和发布角度。","00-小红书收藏-拍摄专辑-存一些生命力溢出屏幕的拍照姿势-1","存一些生命力溢出屏幕的拍照姿势 🏔️","姿势/引导","小红书/Obsidian","7","命中选题关键词/场景；匹配发布/SEO文案；高优先级参考"
"couple-city-story","城市情侣故事感","publishingCopy","发布/SEO文案","标题、封面字、正文结构、平台关键词和发布角度。","00-小红书收藏-拍摄专辑-存一些浪漫生命力拍照姿势-明媚而自由-6","存一些浪漫生命力拍照姿势！明媚而自由","姿势/引导","小红书/Obsidian","7","命中选题关键词/场景；匹配发布/SEO文案；高优先级参考"
"beach-sunset","海边日落人像","materialReference","素材参考","图片、视频、平台链接和本地示例图，只负责看画面/找素材，不承担姿势或调色决策。","pexels","Pexels","免费商用图片/视频","Pexels","15","命中选题关键词/场景；匹配素材参考；高优先级参考"
"beach-sunset","海边日落人像","materialReference","素材参考","图片、视频、平台链接和本地示例图，只负责看画面/找素材，不承担姿势或调色决策。","pixabay","Pixabay","免费商用图片/视频","Pixabay","15","命中选题关键词/场景；匹配素材参考；高优先级参考"
"beach-sunset","海边日落人像","materialReference","素材参考","图片、视频、平台链接和本地示例图，只负责看画面/找素材，不承担姿势或调色决策。","asset-摄影姿势库-姿势示意图-站姿-pexels-04-逆光站-jpg","pexels_04_逆光站","姿势/引导","本地素材","14","命中选题关键词/场景；匹配素材参考"
"beach-sunset","海边日落人像","materialReference","素材参考","图片、视频、平台链接和本地示例图，只负责看画面/找素材，不承担姿势或调色决策。","asset-摄影姿势库-汉服-园林汉服-示例图-pose-01-jpg","pose_01","国风/汉服","本地素材","14","匹配素材参考"
"beach-sunset","海边日落人像","materialReference","素材参考","图片、视频、平台链接和本地示例图，只负责看画面/找素材，不承担姿势或调色决策。","asset-摄影姿势库-汉服-园林汉服-示例图-pose-02-jpg","pose_02","国风/汉服","本地素材","14","匹配素材参考"
"beach-sunset","海边日落人像","materialReference","素材参考","图片、视频、平台链接和本地示例图，只负责看画面/找素材，不承担姿势或调色决策。","asset-摄影姿势库-汉服-园林汉服-示例图-pose-03-jpg","pose_03","国风/汉服","本地素材","14","匹配素材参考"
"beach-sunset","海边日落人像","materialReference","素材参考","图片、视频、平台链接和本地示例图，只负责看画面/找素材，不承担姿势或调色决策。","asset-摄影姿势库-汉服-园林汉服-示例图-pose-04-jpg","pose_04","国风/汉服","本地素材","14","匹配素材参考"
"beach-sunset","海边日落人像","materialReference","素材参考","图片、视频、平台链接和本地示例图，只负责看画面/找素材，不承担姿势或调色决策。","flickr-cc","Flickr Creative Commons","授权可筛选图片","Flickr","12","命中选题关键词/场景；匹配素材参考；高优先级参考"
"beach-sunset","海边日落人像","materialReference","素材参考","图片、视频、平台链接和本地示例图，只负责看画面/找素材，不承担姿势或调色决策。","asset-摄影姿势库-姿势示意图-坐姿-04-台阶坐姿-png","04_台阶坐姿","姿势/引导","本地素材","11","匹配素材参考"
"beach-sunset","海边日落人像","materialReference","素材参考","图片、视频、平台链接和本地示例图，只负责看画面/找素材，不承担姿势或调色决策。","asset-摄影姿势库-姿势示意图-坐姿-pexels-03-台阶坐-jpg","pexels_03_台阶坐","姿势/引导","本地素材","11","匹配素材参考"
"beach-sunset","海边日落人像","shotAngle","拍摄角度/景别","决定镜头距离、机位、运动方式和画面覆盖范围。","doc-摄影姿势库-汉服-园林汉服-pose-回眸侧身-md","回眸侧身姿势","国风/汉服","Obsidian","22","命中选题关键词/场景；匹配拍摄角度/景别"
"beach-sunset","海边日落人像","shotAngle","拍摄角度/景别","决定镜头距离、机位、运动方式和画面覆盖范围。","doc-摄影姿势库-汉服-园林汉服-00-园林汉服姿势库-md","汉服园林拍照姿势库","国风/汉服","Obsidian","14","匹配拍摄角度/景别"
"beach-sunset","海边日落人像","shotAngle","拍摄角度/景别","决定镜头距离、机位、运动方式和画面覆盖范围。","pose-回眸侧身-条目-1-1","条目 1","国风/汉服","Obsidian","14","匹配拍摄角度/景别"
"beach-sunset","海边日落人像","shotAngle","拍摄角度/景别","决定镜头距离、机位、运动方式和画面覆盖范围。","pose-侧坐案前-条目-5-5","条目 5","国风/汉服","Obsidian","14","匹配拍摄角度/景别"
"beach-sunset","海边日落人像","shotAngle","拍摄角度/景别","决定镜头距离、机位、运动方式和画面覆盖范围。","doc-摄影姿势库-汉服-园林汉服-pose-站立持花-md","站立持花姿势","国风/汉服","Obsidian","14","匹配拍摄角度/景别"
"beach-sunset","海边日落人像","shotAngle","拍摄角度/景别","决定镜头距离、机位、运动方式和画面覆盖范围。","doc-摄影姿势库-汉服-室内汉服-pose-侧坐案前-md","侧坐案前姿势","国风/汉服","Obsidian","14","匹配拍摄角度/景别"
"beach-sunset","海边日落人像","poseGuide","姿势引导","现场给模特说什么、身体怎么摆、动作怎么引导。","doc-摄影姿势库-汉服-园林汉服-00-园林汉服姿势库-md","汉服园林拍照姿势库","国风/汉服","Obsidian","24","匹配姿势引导"
"beach-sunset","海边日落人像","poseGuide","姿势引导","现场给模特说什么、身体怎么摆、动作怎么引导。","doc-摄影姿势库-汉服-园林汉服-pose-回眸侧身-md","回眸侧身姿势","国风/汉服","Obsidian","24","命中选题关键词/场景；匹配姿势引导"
"beach-sunset","海边日落人像","poseGuide","姿势引导","现场给模特说什么、身体怎么摆、动作怎么引导。","doc-摄影姿势库-姿势示意图-readme-真实参考-md","README_真实参考","姿势/引导","Obsidian","20","匹配姿势引导"
"beach-sunset","海边日落人像","poseGuide","姿势引导","现场给模特说什么、身体怎么摆、动作怎么引导。","asset-摄影姿势库-姿势示意图-站姿-03-回眸站-png","03_回眸站","姿势/引导","本地素材","20","匹配姿势引导"
"beach-sunset","海边日落人像","poseGuide","姿势引导","现场给模特说什么、身体怎么摆、动作怎么引导。","asset-摄影姿势库-姿势示意图-站姿-pexels-04-逆光站-jpg","pexels_04_逆光站","姿势/引导","本地素材","20","命中选题关键词/场景；匹配姿势引导"
"beach-sunset","海边日落人像","poseGuide","姿势引导","现场给模特说什么、身体怎么摆、动作怎么引导。","doc-摄影姿势库-汉服-室内汉服-00-室内汉服姿势库-md","汉服室内拍照姿势库","国风/汉服","Obsidian","18","匹配姿势引导"
"beach-sunset","海边日落人像","composition","构图","选择三分、居中、线条、留白、前后景层次等构图策略。","pose-侧坐案前-条目-5-5","条目 5","国风/汉服","Obsidian","11","匹配构图"
"beach-sunset","海边日落人像","composition","构图","选择三分、居中、线条、留白、前后景层次等构图策略。","00-小红书收藏-拍摄专辑-学到了-海边拍照氛围感万能出片技巧-2","学到了！海边拍照氛围感万能出片技巧","构图/技巧","小红书/Obsidian","10","命中选题关键词/场景；匹配构图"
"beach-sunset","海边日落人像","composition","构图","选择三分、居中、线条、留白、前后景层次等构图策略。","00-笔记索引-学到了-海边拍照氛围感-万能出片技巧-19","学到了‼️海边拍照氛围感📸万能出片技巧","构图/技巧","小红书/Obsidian","10","命中选题关键词/场景；匹配构图"
"beach-sunset","海边日落人像","composition","构图","选择三分、居中、线条、留白、前后景层次等构图策略。","doc-摄影姿势库-汉服-园林汉服-pose-回眸侧身-md","回眸侧身姿势","国风/汉服","Obsidian","8","命中选题关键词/场景；匹配构图"
"beach-sunset","海边日落人像","composition","构图","选择三分、居中、线条、留白、前后景层次等构图策略。","huaban","花瓣网","灵感板/视觉风格","花瓣","6","命中选题关键词/场景；匹配构图；高优先级参考"
"beach-sunset","海边日落人像","composition","构图","选择三分、居中、线条、留白、前后景层次等构图策略。","00-小红书收藏-拍摄专辑-存一些拍花技巧-9个万能构图技巧-姿势-12","存一些拍花技巧📷 9个万能构图技巧➕姿势","姿势/引导","小红书/Obsidian","6","命中选题关键词/场景；匹配构图；高优先级参考"
"beach-sunset","海边日落人像","lighting","光线","决定自然光、窗边光、逆光、夜景霓虹、光影对比等现场条件。","小清新少女风拍摄手册-条目-2-2","条目 2","姿势/引导","Obsidian","6","命中选题关键词/场景；匹配光线"
"beach-sunset","海边日落人像","lighting","光线","决定自然光、窗边光、逆光、夜景霓虹、光影对比等现场条件。","doc-摄影姿势库-汉服-园林汉服-pose-回眸侧身-md","回眸侧身姿势","国风/汉服","Obsidian","6","命中选题关键词/场景；匹配光线"
"beach-sunset","海边日落人像","lighting","光线","决定自然光、窗边光、逆光、夜景霓虹、光影对比等现场条件。","pose-回眸侧身-条目-3-3","条目 3","国风/汉服","Obsidian","6","命中选题关键词/场景；匹配光线"
"beach-sunset","海边日落人像","lighting","光线","决定自然光、窗边光、逆光、夜景霓虹、光影对比等现场条件。","asset-摄影姿势库-姿势示意图-站姿-pexels-04-逆光站-jpg","pexels_04_逆光站","姿势/引导","本地素材","6","命中选题关键词/场景；匹配光线"
"beach-sunset","海边日落人像","lighting","光线","决定自然光、窗边光、逆光、夜景霓虹、光影对比等现场条件。","doc-摄影姿势库-拍摄指南-小清新少女风拍摄手册-md","小清新少女风拍摄手册","姿势/引导","Obsidian","4","命中选题关键词/场景；匹配光线；高优先级参考"
"beach-sunset","海边日落人像","lighting","光线","决定自然光、窗边光、逆光、夜景霓虹、光影对比等现场条件。","00-笔记索引-如何在光影下拍出动感大片-22","如何在光影下拍出动感大片？","构图/技巧","小红书/Obsidian","3","匹配光线"
"beach-sunset","海边日落人像","colorLut","LUT/调色","只放调色、胶片、LUT、色彩管线和后期相关内容。","00-小红书收藏-拍摄专辑-当我通过colorwalk去拍照-就会得到-33","当我通过colorwalk去拍照 🌼就会得到...","调色/后期","小红书/Obsidian","22","匹配LUT/调色"
"beach-sunset","海边日落人像","colorLut","LUT/调色","只放调色、胶片、LUT、色彩管线和后期相关内容。","00-笔记索引-用colorfit给夏天点颜色瞧瞧-32","用colorfit给夏天点颜色瞧瞧‼️","调色/后期","小红书/Obsidian","22","匹配LUT/调色"
"beach-sunset","海边日落人像","colorLut","LUT/调色","只放调色、胶片、LUT、色彩管线和后期相关内容。","00-小红书收藏-调色专辑-私藏干货-日系漫画调色参数分享-1","私藏干货！日系漫画调色参数分享✨","调色/后期","小红书/Obsidian","22","匹配LUT/调色"
"beach-sunset","海边日落人像","publishingCopy","发布/SEO文案","标题、封面字、正文结构、平台关键词和发布角度。","xiaohongshu","小红书","中文案例/拍摄过程","小红书","21","命中选题关键词/场景；匹配发布/SEO文案；高优先级参考"
"beach-sunset","海边日落人像","publishingCopy","发布/SEO文案","标题、封面字、正文结构、平台关键词和发布角度。","00-小红书收藏-拍摄专辑-学到了-海边拍照氛围感万能出片技巧-2","学到了！海边拍照氛围感万能出片技巧","构图/技巧","小红书/Obsidian","11","命中选题关键词/场景；匹配发布/SEO文案"
"beach-sunset","海边日落人像","publishingCopy","发布/SEO文案","标题、封面字、正文结构、平台关键词和发布角度。","00-笔记索引-朋友圈吃不了的细糠-小红书也吃不了-42","朋友圈吃不了的细糠，小红书也吃不了","综合参考","小红书/Obsidian","9","匹配发布/SEO文案"
"beach-sunset","海边日落人像","publishingCopy","发布/SEO文案","标题、封面字、正文结构、平台关键词和发布角度。","00-笔记索引-学到了-海边拍照氛围感-万能出片技巧-19","学到了‼️海边拍照氛围感📸万能出片技巧","构图/技巧","小红书/Obsidian","8","命中选题关键词/场景；匹配发布/SEO文案"
"beach-sunset","海边日落人像","publishingCopy","发布/SEO文案","标题、封面字、正文结构、平台关键词和发布角度。","00-小红书收藏-拍摄专辑-存一些生命力溢出屏幕的拍照姿势-1","存一些生命力溢出屏幕的拍照姿势 🏔️","姿势/引导","小红书/Obsidian","7","命中选题关键词/场景；匹配发布/SEO文案；高优先级参考"
"beach-sunset","海边日落人像","publishingCopy","发布/SEO文案","标题、封面字、正文结构、平台关键词和发布角度。","00-小红书收藏-拍摄专辑-存一些浪漫生命力拍照姿势-明媚而自由-6","存一些浪漫生命力拍照姿势！明媚而自由","姿势/引导","小红书/Obsidian","7","命中选题关键词/场景；匹配发布/SEO文案；高优先级参考"
"indoor-moody-window","室内窗边情绪人像","materialReference","素材参考","图片、视频、平台链接和本地示例图，只负责看画面/找素材，不承担姿势或调色决策。","pixabay","Pixabay","免费商用图片/视频","Pixabay","18","命中选题关键词/场景；匹配素材参考；高优先级参考"
"indoor-moody-window","室内窗边情绪人像","materialReference","素材参考","图片、视频、平台链接和本地示例图，只负责看画面/找素材，不承担姿势或调色决策。","asset-摄影姿势库-汉服-园林汉服-示例图-pose-01-jpg","pose_01","国风/汉服","本地素材","17","命中选题关键词/场景；匹配素材参考"
"indoor-moody-window","室内窗边情绪人像","materialReference","素材参考","图片、视频、平台链接和本地示例图，只负责看画面/找素材，不承担姿势或调色决策。","asset-摄影姿势库-汉服-园林汉服-示例图-pose-02-jpg","pose_02","国风/汉服","本地素材","17","命中选题关键词/场景；匹配素材参考"
"indoor-moody-window","室内窗边情绪人像","materialReference","素材参考","图片、视频、平台链接和本地示例图，只负责看画面/找素材，不承担姿势或调色决策。","asset-摄影姿势库-汉服-园林汉服-示例图-pose-03-jpg","pose_03","国风/汉服","本地素材","17","命中选题关键词/场景；匹配素材参考"
"indoor-moody-window","室内窗边情绪人像","materialReference","素材参考","图片、视频、平台链接和本地示例图，只负责看画面/找素材，不承担姿势或调色决策。","asset-摄影姿势库-汉服-园林汉服-示例图-pose-04-jpg","pose_04","国风/汉服","本地素材","17","命中选题关键词/场景；匹配素材参考"
"indoor-moody-window","室内窗边情绪人像","materialReference","素材参考","图片、视频、平台链接和本地示例图，只负责看画面/找素材，不承担姿势或调色决策。","pexels","Pexels","免费商用图片/视频","Pexels","15","命中选题关键词/场景；匹配素材参考；高优先级参考"
"indoor-moody-window","室内窗边情绪人像","materialReference","素材参考","图片、视频、平台链接和本地示例图，只负责看画面/找素材，不承担姿势或调色决策。","asset-摄影姿势库-姿势示意图-坐姿-pexels-09-咖啡馆坐-jpg","pexels_09_咖啡馆坐","姿势/引导","本地素材","14","命中选题关键词/场景；匹配素材参考"
"indoor-moody-window","室内窗边情绪人像","materialReference","素材参考","图片、视频、平台链接和本地示例图，只负责看画面/找素材，不承担姿势或调色决策。","flickr-cc","Flickr Creative Commons","授权可筛选图片","Flickr","12","命中选题关键词/场景；匹配素材参考；高优先级参考"
"indoor-moody-window","室内窗边情绪人像","materialReference","素材参考","图片、视频、平台链接和本地示例图，只负责看画面/找素材，不承担姿势或调色决策。","00-小红书收藏-视频拍摄专辑-别再乱拍空镜-这才是电影感正确拍法-4","别再乱拍空镜，这才是电影感正确拍法！","视频拍摄","小红书/Obsidian","11","命中选题关键词/场景；匹配素材参考；高优先级参考"
"indoor-moody-window","室内窗边情绪人像","materialReference","素材参考","图片、视频、平台链接和本地示例图，只负责看画面/找素材，不承担姿势或调色决策。","asset-摄影姿势库-姿势示意图-坐姿-04-台阶坐姿-png","04_台阶坐姿","姿势/引导","本地素材","11","匹配素材参考"
"indoor-moody-window","室内窗边情绪人像","shotAngle","拍摄角度/景别","决定镜头距离、机位、运动方式和画面覆盖范围。","doc-摄影姿势库-汉服-园林汉服-pose-回眸侧身-md","回眸侧身姿势","国风/汉服","Obsidian","22","命中选题关键词/场景；匹配拍摄角度/景别"
"indoor-moody-window","室内窗边情绪人像","shotAngle","拍摄角度/景别","决定镜头距离、机位、运动方式和画面覆盖范围。","doc-摄影姿势库-汉服-园林汉服-00-园林汉服姿势库-md","汉服园林拍照姿势库","国风/汉服","Obsidian","18","命中选题关键词/场景；匹配拍摄角度/景别"
"indoor-moody-window","室内窗边情绪人像","shotAngle","拍摄角度/景别","决定镜头距离、机位、运动方式和画面覆盖范围。","pose-回眸侧身-条目-1-1","条目 1","国风/汉服","Obsidian","17","命中选题关键词/场景；匹配拍摄角度/景别"
"indoor-moody-window","室内窗边情绪人像","shotAngle","拍摄角度/景别","决定镜头距离、机位、运动方式和画面覆盖范围。","pose-侧坐案前-条目-5-5","条目 5","国风/汉服","Obsidian","17","命中选题关键词/场景；匹配拍摄角度/景别"
"indoor-moody-window","室内窗边情绪人像","shotAngle","拍摄角度/景别","决定镜头距离、机位、运动方式和画面覆盖范围。","doc-摄影姿势库-汉服-园林汉服-pose-站立持花-md","站立持花姿势","国风/汉服","Obsidian","17","命中选题关键词/场景；匹配拍摄角度/景别"
"indoor-moody-window","室内窗边情绪人像","shotAngle","拍摄角度/景别","决定镜头距离、机位、运动方式和画面覆盖范围。","doc-摄影姿势库-汉服-室内汉服-00-室内汉服姿势库-md","汉服室内拍照姿势库","国风/汉服","Obsidian","17","命中选题关键词/场景；匹配拍摄角度/景别"
"indoor-moody-window","室内窗边情绪人像","poseGuide","姿势引导","现场给模特说什么、身体怎么摆、动作怎么引导。","doc-摄影姿势库-汉服-园林汉服-00-园林汉服姿势库-md","汉服园林拍照姿势库","国风/汉服","Obsidian","28","命中选题关键词/场景；匹配姿势引导"
"indoor-moody-window","室内窗边情绪人像","poseGuide","姿势引导","现场给模特说什么、身体怎么摆、动作怎么引导。","doc-摄影姿势库-汉服-室内汉服-00-室内汉服姿势库-md","汉服室内拍照姿势库","国风/汉服","Obsidian","27","命中选题关键词/场景；匹配姿势引导"
"indoor-moody-window","室内窗边情绪人像","poseGuide","姿势引导","现场给模特说什么、身体怎么摆、动作怎么引导。","doc-摄影姿势库-汉服-园林汉服-pose-回眸侧身-md","回眸侧身姿势","国风/汉服","Obsidian","24","命中选题关键词/场景；匹配姿势引导"
"indoor-moody-window","室内窗边情绪人像","poseGuide","姿势引导","现场给模特说什么、身体怎么摆、动作怎么引导。","doc-摄影姿势库-姿势示意图-readme-真实参考-md","README_真实参考","姿势/引导","Obsidian","20","匹配姿势引导"
"indoor-moody-window","室内窗边情绪人像","poseGuide","姿势引导","现场给模特说什么、身体怎么摆、动作怎么引导。","asset-摄影姿势库-姿势示意图-坐姿-pexels-09-咖啡馆坐-jpg","pexels_09_咖啡馆坐","姿势/引导","本地素材","20","命中选题关键词/场景；匹配姿势引导"
"indoor-moody-window","室内窗边情绪人像","poseGuide","姿势引导","现场给模特说什么、身体怎么摆、动作怎么引导。","asset-摄影姿势库-姿势示意图-站姿-03-回眸站-png","03_回眸站","姿势/引导","本地素材","20","匹配姿势引导"
"indoor-moody-window","室内窗边情绪人像","composition","构图","选择三分、居中、线条、留白、前后景层次等构图策略。","pose-侧坐案前-条目-5-5","条目 5","国风/汉服","Obsidian","14","命中选题关键词/场景；匹配构图"
"indoor-moody-window","室内窗边情绪人像","composition","构图","选择三分、居中、线条、留白、前后景层次等构图策略。","doc-摄影姿势库-汉服-室内汉服-00-室内汉服姿势库-md","汉服室内拍照姿势库","国风/汉服","Obsidian","11","命中选题关键词/场景；匹配构图"
"indoor-moody-window","室内窗边情绪人像","composition","构图","选择三分、居中、线条、留白、前后景层次等构图策略。","00-室内汉服姿势库-倚栏远眺-2","[[倚栏远眺]]","国风/汉服","Obsidian","10","命中选题关键词/场景；匹配构图"
"indoor-moody-window","室内窗边情绪人像","composition","构图","选择三分、居中、线条、留白、前后景层次等构图策略。","00-笔记索引-如何在光影下拍出动感大片-22","如何在光影下拍出动感大片？","构图/技巧","小红书/Obsidian","9","命中选题关键词/场景；匹配构图"
"indoor-moody-window","室内窗边情绪人像","composition","构图","选择三分、居中、线条、留白、前后景层次等构图策略。","doc-摄影姿势库-汉服-园林汉服-00-园林汉服姿势库-md","汉服园林拍照姿势库","国风/汉服","Obsidian","9","命中选题关键词/场景；匹配构图"
"indoor-moody-window","室内窗边情绪人像","composition","构图","选择三分、居中、线条、留白、前后景层次等构图策略。","doc-摄影姿势库-汉服-园林汉服-pose-回眸侧身-md","回眸侧身姿势","国风/汉服","Obsidian","8","命中选题关键词/场景；匹配构图"
"indoor-moody-window","室内窗边情绪人像","lighting","光线","决定自然光、窗边光、逆光、夜景霓虹、光影对比等现场条件。","doc-摄影姿势库-汉服-室内汉服-00-室内汉服姿势库-md","汉服室内拍照姿势库","国风/汉服","Obsidian","12","命中选题关键词/场景；匹配光线"
"indoor-moody-window","室内窗边情绪人像","lighting","光线","决定自然光、窗边光、逆光、夜景霓虹、光影对比等现场条件。","00-室内汉服姿势库-倚栏远眺-2","[[倚栏远眺]]","国风/汉服","Obsidian","11","命中选题关键词/场景；匹配光线"
"indoor-moody-window","室内窗边情绪人像","lighting","光线","决定自然光、窗边光、逆光、夜景霓虹、光影对比等现场条件。","00-笔记索引-如何在光影下拍出动感大片-22","如何在光影下拍出动感大片？","构图/技巧","小红书/Obsidian","7","命中选题关键词/场景；匹配光线"
"indoor-moody-window","室内窗边情绪人像","lighting","光线","决定自然光、窗边光、逆光、夜景霓虹、光影对比等现场条件。","doc-摄影姿势库-汉服-园林汉服-pose-回眸侧身-md","回眸侧身姿势","国风/汉服","Obsidian","6","命中选题关键词/场景；匹配光线"
"indoor-moody-window","室内窗边情绪人像","lighting","光线","决定自然光、窗边光、逆光、夜景霓虹、光影对比等现场条件。","pose-回眸侧身-条目-3-3","条目 3","国风/汉服","Obsidian","6","命中选题关键词/场景；匹配光线"
"indoor-moody-window","室内窗边情绪人像","lighting","光线","决定自然光、窗边光、逆光、夜景霓虹、光影对比等现场条件。","00-笔记索引-阳光下的活人感大片-24","阳光下的活人感大片！","综合参考","小红书/Obsidian","4","命中选题关键词/场景；匹配光线"
"indoor-moody-window","室内窗边情绪人像","colorLut","LUT/调色","只放调色、胶片、LUT、色彩管线和后期相关内容。","00-小红书收藏-拍摄专辑-当我通过colorwalk去拍照-就会得到-33","当我通过colorwalk去拍照 🌼就会得到...","调色/后期","小红书/Obsidian","23","命中选题关键词/场景；匹配LUT/调色"
"indoor-moody-window","室内窗边情绪人像","colorLut","LUT/调色","只放调色、胶片、LUT、色彩管线和后期相关内容。","00-笔记索引-用colorfit给夏天点颜色瞧瞧-32","用colorfit给夏天点颜色瞧瞧‼️","调色/后期","小红书/Obsidian","23","命中选题关键词/场景；匹配LUT/调色"
"indoor-moody-window","室内窗边情绪人像","colorLut","LUT/调色","只放调色、胶片、LUT、色彩管线和后期相关内容。","00-小红书收藏-调色专辑-私藏干货-日系漫画调色参数分享-1","私藏干货！日系漫画调色参数分享✨","调色/后期","小红书/Obsidian","23","命中选题关键词/场景；匹配LUT/调色"
"indoor-moody-window","室内窗边情绪人像","publishingCopy","发布/SEO文案","标题、封面字、正文结构、平台关键词和发布角度。","xiaohongshu","小红书","中文案例/拍摄过程","小红书","22","命中选题关键词/场景；匹配发布/SEO文案；高优先级参考"
"indoor-moody-window","室内窗边情绪人像","publishingCopy","发布/SEO文案","标题、封面字、正文结构、平台关键词和发布角度。","00-小红书收藏-拍摄专辑-i人也能拍出生命力-5个氧气感汉服拍照动作-18","i人也能拍出生命力！5个氧气感汉服拍照动作","国风/汉服","小红书/Obsidian","11","命中选题关键词/场景；匹配发布/SEO文案；高优先级参考"
"indoor-moody-window","室内窗边情绪人像","publishingCopy","发布/SEO文案","标题、封面字、正文结构、平台关键词和发布角度。","00-小红书收藏-视频拍摄专辑-别再乱拍空镜-这才是电影感正确拍法-4","别再乱拍空镜，这才是电影感正确拍法！","视频拍摄","小红书/Obsidian","11","命中选题关键词/场景；匹配发布/SEO文案；高优先级参考"
"indoor-moody-window","室内窗边情绪人像","publishingCopy","发布/SEO文案","标题、封面字、正文结构、平台关键词和发布角度。","00-小红书收藏-拍摄专辑-新中式拍照姿势大全-4","新中式拍照姿势大全","国风/汉服","小红书/Obsidian","10","命中选题关键词/场景；匹配发布/SEO文案"
"indoor-moody-window","室内窗边情绪人像","publishingCopy","发布/SEO文案","标题、封面字、正文结构、平台关键词和发布角度。","00-小红书收藏-拍摄专辑-8个咖啡店-下午茶拍照姿势-氛围感拉满-17","8个咖啡店☕下午茶拍照姿势，氛围感拉满！","姿势/引导","小红书/Obsidian","10","命中选题关键词/场景；匹配发布/SEO文案"
"indoor-moody-window","室内窗边情绪人像","publishingCopy","发布/SEO文案","标题、封面字、正文结构、平台关键词和发布角度。","00-小红书收藏-拍摄专辑-如何在光影下拍出动感大片-21","如何在光影下拍出动感大片？","构图/技巧","小红书/Obsidian","10","命中选题关键词/场景；匹配发布/SEO文案"
"sports-dynamic","运动感动态写真","materialReference","素材参考","图片、视频、平台链接和本地示例图，只负责看画面/找素材，不承担姿势或调色决策。","pixabay","Pixabay","免费商用图片/视频","Pixabay","17","命中选题关键词/场景；匹配素材参考；高优先级参考"
"sports-dynamic","运动感动态写真","materialReference","素材参考","图片、视频、平台链接和本地示例图，只负责看画面/找素材，不承担姿势或调色决策。","pexels","Pexels","免费商用图片/视频","Pexels","15","命中选题关键词/场景；匹配素材参考；高优先级参考"
"sports-dynamic","运动感动态写真","materialReference","素材参考","图片、视频、平台链接和本地示例图，只负责看画面/找素材，不承担姿势或调色决策。","asset-摄影姿势库-汉服-园林汉服-示例图-pose-01-jpg","pose_01","国风/汉服","本地素材","14","匹配素材参考"
"sports-dynamic","运动感动态写真","materialReference","素材参考","图片、视频、平台链接和本地示例图，只负责看画面/找素材，不承担姿势或调色决策。","asset-摄影姿势库-汉服-园林汉服-示例图-pose-02-jpg","pose_02","国风/汉服","本地素材","14","匹配素材参考"
"sports-dynamic","运动感动态写真","materialReference","素材参考","图片、视频、平台链接和本地示例图，只负责看画面/找素材，不承担姿势或调色决策。","asset-摄影姿势库-汉服-园林汉服-示例图-pose-03-jpg","pose_03","国风/汉服","本地素材","14","匹配素材参考"
"sports-dynamic","运动感动态写真","materialReference","素材参考","图片、视频、平台链接和本地示例图，只负责看画面/找素材，不承担姿势或调色决策。","asset-摄影姿势库-汉服-园林汉服-示例图-pose-04-jpg","pose_04","国风/汉服","本地素材","14","匹配素材参考"
"sports-dynamic","运动感动态写真","materialReference","素材参考","图片、视频、平台链接和本地示例图，只负责看画面/找素材，不承担姿势或调色决策。","flickr-cc","Flickr Creative Commons","授权可筛选图片","Flickr","12","命中选题关键词/场景；匹配素材参考；高优先级参考"
"sports-dynamic","运动感动态写真","materialReference","素材参考","图片、视频、平台链接和本地示例图，只负责看画面/找素材，不承担姿势或调色决策。","asset-摄影姿势库-姿势示意图-坐姿-04-台阶坐姿-png","04_台阶坐姿","姿势/引导","本地素材","11","匹配素材参考"
"sports-dynamic","运动感动态写真","materialReference","素材参考","图片、视频、平台链接和本地示例图，只负责看画面/找素材，不承担姿势或调色决策。","asset-摄影姿势库-姿势示意图-坐姿-pexels-03-台阶坐-jpg","pexels_03_台阶坐","姿势/引导","本地素材","11","匹配素材参考"
"sports-dynamic","运动感动态写真","materialReference","素材参考","图片、视频、平台链接和本地示例图，只负责看画面/找素材，不承担姿势或调色决策。","asset-摄影姿势库-姿势示意图-坐姿-pexels-06-阳光台阶-jpg","pexels_06_阳光台阶","姿势/引导","本地素材","11","匹配素材参考"
"sports-dynamic","运动感动态写真","shotAngle","拍摄角度/景别","决定镜头距离、机位、运动方式和画面覆盖范围。","doc-摄影姿势库-汉服-园林汉服-pose-回眸侧身-md","回眸侧身姿势","国风/汉服","Obsidian","19","匹配拍摄角度/景别"
"sports-dynamic","运动感动态写真","shotAngle","拍摄角度/景别","决定镜头距离、机位、运动方式和画面覆盖范围。","doc-摄影姿势库-汉服-园林汉服-00-园林汉服姿势库-md","汉服园林拍照姿势库","国风/汉服","Obsidian","14","匹配拍摄角度/景别"
"sports-dynamic","运动感动态写真","shotAngle","拍摄角度/景别","决定镜头距离、机位、运动方式和画面覆盖范围。","pose-回眸侧身-条目-1-1","条目 1","国风/汉服","Obsidian","14","匹配拍摄角度/景别"
"sports-dynamic","运动感动态写真","shotAngle","拍摄角度/景别","决定镜头距离、机位、运动方式和画面覆盖范围。","pose-侧坐案前-条目-5-5","条目 5","国风/汉服","Obsidian","14","匹配拍摄角度/景别"
"sports-dynamic","运动感动态写真","shotAngle","拍摄角度/景别","决定镜头距离、机位、运动方式和画面覆盖范围。","doc-摄影姿势库-汉服-园林汉服-pose-站立持花-md","站立持花姿势","国风/汉服","Obsidian","14","匹配拍摄角度/景别"
"sports-dynamic","运动感动态写真","shotAngle","拍摄角度/景别","决定镜头距离、机位、运动方式和画面覆盖范围。","doc-摄影姿势库-汉服-室内汉服-pose-侧坐案前-md","侧坐案前姿势","国风/汉服","Obsidian","14","匹配拍摄角度/景别"
"sports-dynamic","运动感动态写真","poseGuide","姿势引导","现场给模特说什么、身体怎么摆、动作怎么引导。","doc-摄影姿势库-汉服-园林汉服-00-园林汉服姿势库-md","汉服园林拍照姿势库","国风/汉服","Obsidian","24","匹配姿势引导"
"sports-dynamic","运动感动态写真","poseGuide","姿势引导","现场给模特说什么、身体怎么摆、动作怎么引导。","doc-摄影姿势库-汉服-园林汉服-pose-回眸侧身-md","回眸侧身姿势","国风/汉服","Obsidian","21","匹配姿势引导"
"sports-dynamic","运动感动态写真","poseGuide","姿势引导","现场给模特说什么、身体怎么摆、动作怎么引导。","doc-摄影姿势库-姿势示意图-readme-真实参考-md","README_真实参考","姿势/引导","Obsidian","20","匹配姿势引导"
"sports-dynamic","运动感动态写真","poseGuide","姿势引导","现场给模特说什么、身体怎么摆、动作怎么引导。","asset-摄影姿势库-姿势示意图-站姿-03-回眸站-png","03_回眸站","姿势/引导","本地素材","20","匹配姿势引导"
"sports-dynamic","运动感动态写真","poseGuide","姿势引导","现场给模特说什么、身体怎么摆、动作怎么引导。","doc-摄影姿势库-汉服-室内汉服-00-室内汉服姿势库-md","汉服室内拍照姿势库","国风/汉服","Obsidian","18","匹配姿势引导"
"sports-dynamic","运动感动态写真","poseGuide","姿势引导","现场给模特说什么、身体怎么摆、动作怎么引导。","00-小红书收藏-设计专辑-7-个-vibecoder-都应该知道的网站-5","7 个 vibecoder 都应该知道的网站","姿势/引导","小红书/Obsidian","17","匹配姿势引导"
"sports-dynamic","运动感动态写真","composition","构图","选择三分、居中、线条、留白、前后景层次等构图策略。","pose-侧坐案前-条目-5-5","条目 5","国风/汉服","Obsidian","11","匹配构图"
"sports-dynamic","运动感动态写真","composition","构图","选择三分、居中、线条、留白、前后景层次等构图策略。","小清新少女风拍摄手册-走楼梯-46","走楼梯","姿势/引导","Obsidian","7","命中选题关键词/场景；匹配构图"
"sports-dynamic","运动感动态写真","composition","构图","选择三分、居中、线条、留白、前后景层次等构图策略。","huaban","花瓣网","灵感板/视觉风格","花瓣","6","命中选题关键词/场景；匹配构图；高优先级参考"
"sports-dynamic","运动感动态写真","composition","构图","选择三分、居中、线条、留白、前后景层次等构图策略。","00-小红书收藏-拍摄专辑-存一些拍花技巧-9个万能构图技巧-姿势-12","存一些拍花技巧📷 9个万能构图技巧➕姿势","姿势/引导","小红书/Obsidian","6","命中选题关键词/场景；匹配构图；高优先级参考"
"sports-dynamic","运动感动态写真","composition","构图","选择三分、居中、线条、留白、前后景层次等构图策略。","00-笔记索引-人像摄影16种构图及拍摄思路-36","📸人像摄影16种构图及拍摄思路","构图/技巧","小红书/Obsidian","6","命中选题关键词/场景；匹配构图；高优先级参考"
"sports-dynamic","运动感动态写真","composition","构图","选择三分、居中、线条、留白、前后景层次等构图策略。","00-小红书收藏-拍摄专辑-存一些拍蓝花楹技巧-9个万能构图-姿势-24","存一些拍蓝花楹技巧📷 9个万能构图➕姿势","姿势/引导","小红书/Obsidian","6","命中选题关键词/场景；匹配构图；高优先级参考"
"sports-dynamic","运动感动态写真","lighting","光线","决定自然光、窗边光、逆光、夜景霓虹、光影对比等现场条件。","doc-摄影姿势库-拍摄指南-小清新少女风拍摄手册-md","小清新少女风拍摄手册","姿势/引导","Obsidian","4","命中选题关键词/场景；匹配光线；高优先级参考"
"sports-dynamic","运动感动态写真","lighting","光线","决定自然光、窗边光、逆光、夜景霓虹、光影对比等现场条件。","00-笔记索引-如何在光影下拍出动感大片-22","如何在光影下拍出动感大片？","构图/技巧","小红书/Obsidian","3","匹配光线"
"sports-dynamic","运动感动态写真","lighting","光线","决定自然光、窗边光、逆光、夜景霓虹、光影对比等现场条件。","00-笔记索引-阳光下的活人感大片-24","阳光下的活人感大片！","综合参考","小红书/Obsidian","3","匹配光线"
"sports-dynamic","运动感动态写真","lighting","光线","决定自然光、窗边光、逆光、夜景霓虹、光影对比等现场条件。","00-笔记索引-用全屏-live-走进我的夏日阳光农场-27","用全屏 live 走进我的夏日阳光农场🏡","综合参考","小红书/Obsidian","3","匹配光线"
"sports-dynamic","运动感动态写真","lighting","光线","决定自然光、窗边光、逆光、夜景霓虹、光影对比等现场条件。","小清新少女风拍摄手册-条目-2-2","条目 2","姿势/引导","Obsidian","3","匹配光线"
"sports-dynamic","运动感动态写真","lighting","光线","决定自然光、窗边光、逆光、夜景霓虹、光影对比等现场条件。","doc-摄影姿势库-汉服-园林汉服-pose-回眸侧身-md","回眸侧身姿势","国风/汉服","Obsidian","3","匹配光线"
"sports-dynamic","运动感动态写真","colorLut","LUT/调色","只放调色、胶片、LUT、色彩管线和后期相关内容。","00-小红书收藏-拍摄专辑-当我通过colorwalk去拍照-就会得到-33","当我通过colorwalk去拍照 🌼就会得到...","调色/后期","小红书/Obsidian","22","匹配LUT/调色"
"sports-dynamic","运动感动态写真","colorLut","LUT/调色","只放调色、胶片、LUT、色彩管线和后期相关内容。","00-笔记索引-用colorfit给夏天点颜色瞧瞧-32","用colorfit给夏天点颜色瞧瞧‼️","调色/后期","小红书/Obsidian","22","匹配LUT/调色"
"sports-dynamic","运动感动态写真","colorLut","LUT/调色","只放调色、胶片、LUT、色彩管线和后期相关内容。","00-小红书收藏-调色专辑-私藏干货-日系漫画调色参数分享-1","私藏干货！日系漫画调色参数分享✨","调色/后期","小红书/Obsidian","22","匹配LUT/调色"
"sports-dynamic","运动感动态写真","publishingCopy","发布/SEO文案","标题、封面字、正文结构、平台关键词和发布角度。","xiaohongshu","小红书","中文案例/拍摄过程","小红书","21","命中选题关键词/场景；匹配发布/SEO文案；高优先级参考"
"sports-dynamic","运动感动态写真","publishingCopy","发布/SEO文案","标题、封面字、正文结构、平台关键词和发布角度。","00-笔记索引-朋友圈吃不了的细糠-小红书也吃不了-42","朋友圈吃不了的细糠，小红书也吃不了","综合参考","小红书/Obsidian","9","匹配发布/SEO文案"
"sports-dynamic","运动感动态写真","publishingCopy","发布/SEO文案","标题、封面字、正文结构、平台关键词和发布角度。","00-小红书收藏-视频拍摄专辑-网球大片怎么拍-1","网球大片怎么拍？","视频拍摄","小红书/Obsidian","9","命中选题关键词/场景；匹配发布/SEO文案"
"sports-dynamic","运动感动态写真","publishingCopy","发布/SEO文案","标题、封面字、正文结构、平台关键词和发布角度。","00-小红书收藏-视频拍摄专辑-别再乱拍空镜-这才是电影感正确拍法-4","别再乱拍空镜，这才是电影感正确拍法！","视频拍摄","小红书/Obsidian","9","命中选题关键词/场景；匹配发布/SEO文案；高优先级参考"
"sports-dynamic","运动感动态写真","publishingCopy","发布/SEO文案","标题、封面字、正文结构、平台关键词和发布角度。","00-小红书收藏-拍摄专辑-存一些生命力溢出屏幕的拍照姿势-1","存一些生命力溢出屏幕的拍照姿势 🏔️","姿势/引导","小红书/Obsidian","7","命中选题关键词/场景；匹配发布/SEO文案；高优先级参考"
"sports-dynamic","运动感动态写真","publishingCopy","发布/SEO文案","标题、封面字、正文结构、平台关键词和发布角度。","00-小红书收藏-拍摄专辑-存一些浪漫生命力拍照姿势-明媚而自由-6","存一些浪漫生命力拍照姿势！明媚而自由","姿势/引导","小红书/Obsidian","7","命中选题关键词/场景；匹配发布/SEO文案；高优先级参考"
"brand-editorial","品牌商业人像","materialReference","素材参考","图片、视频、平台链接和本地示例图，只负责看画面/找素材，不承担姿势或调色决策。","pixabay","Pixabay","免费商用图片/视频","Pixabay","18","命中选题关键词/场景；匹配素材参考；高优先级参考"
"brand-editorial","品牌商业人像","materialReference","素材参考","图片、视频、平台链接和本地示例图，只负责看画面/找素材，不承担姿势或调色决策。","pexels","Pexels","免费商用图片/视频","Pexels","15","命中选题关键词/场景；匹配素材参考；高优先级参考"
"brand-editorial","品牌商业人像","materialReference","素材参考","图片、视频、平台链接和本地示例图，只负责看画面/找素材，不承担姿势或调色决策。","asset-摄影姿势库-汉服-园林汉服-示例图-pose-01-jpg","pose_01","国风/汉服","本地素材","14","匹配素材参考"
"brand-editorial","品牌商业人像","materialReference","素材参考","图片、视频、平台链接和本地示例图，只负责看画面/找素材，不承担姿势或调色决策。","asset-摄影姿势库-汉服-园林汉服-示例图-pose-02-jpg","pose_02","国风/汉服","本地素材","14","匹配素材参考"
"brand-editorial","品牌商业人像","materialReference","素材参考","图片、视频、平台链接和本地示例图，只负责看画面/找素材，不承担姿势或调色决策。","asset-摄影姿势库-汉服-园林汉服-示例图-pose-03-jpg","pose_03","国风/汉服","本地素材","14","匹配素材参考"
"brand-editorial","品牌商业人像","materialReference","素材参考","图片、视频、平台链接和本地示例图，只负责看画面/找素材，不承担姿势或调色决策。","asset-摄影姿势库-汉服-园林汉服-示例图-pose-04-jpg","pose_04","国风/汉服","本地素材","14","匹配素材参考"
"brand-editorial","品牌商业人像","materialReference","素材参考","图片、视频、平台链接和本地示例图，只负责看画面/找素材，不承担姿势或调色决策。","behance","Behance","海外商业作品","Behance","12","命中选题关键词/场景；匹配素材参考；高优先级参考"
"brand-editorial","品牌商业人像","materialReference","素材参考","图片、视频、平台链接和本地示例图，只负责看画面/找素材，不承担姿势或调色决策。","flickr-cc","Flickr Creative Commons","授权可筛选图片","Flickr","12","命中选题关键词/场景；匹配素材参考；高优先级参考"
"brand-editorial","品牌商业人像","materialReference","素材参考","图片、视频、平台链接和本地示例图，只负责看画面/找素材，不承担姿势或调色决策。","asset-摄影姿势库-姿势示意图-坐姿-04-台阶坐姿-png","04_台阶坐姿","姿势/引导","本地素材","11","匹配素材参考"
"brand-editorial","品牌商业人像","materialReference","素材参考","图片、视频、平台链接和本地示例图，只负责看画面/找素材，不承担姿势或调色决策。","asset-摄影姿势库-姿势示意图-坐姿-pexels-03-台阶坐-jpg","pexels_03_台阶坐","姿势/引导","本地素材","11","匹配素材参考"
"brand-editorial","品牌商业人像","shotAngle","拍摄角度/景别","决定镜头距离、机位、运动方式和画面覆盖范围。","doc-摄影姿势库-汉服-园林汉服-pose-回眸侧身-md","回眸侧身姿势","国风/汉服","Obsidian","19","匹配拍摄角度/景别"
"brand-editorial","品牌商业人像","shotAngle","拍摄角度/景别","决定镜头距离、机位、运动方式和画面覆盖范围。","doc-摄影姿势库-汉服-园林汉服-00-园林汉服姿势库-md","汉服园林拍照姿势库","国风/汉服","Obsidian","14","匹配拍摄角度/景别"
"brand-editorial","品牌商业人像","shotAngle","拍摄角度/景别","决定镜头距离、机位、运动方式和画面覆盖范围。","pose-回眸侧身-条目-1-1","条目 1","国风/汉服","Obsidian","14","匹配拍摄角度/景别"
"brand-editorial","品牌商业人像","shotAngle","拍摄角度/景别","决定镜头距离、机位、运动方式和画面覆盖范围。","pose-侧坐案前-条目-5-5","条目 5","国风/汉服","Obsidian","14","匹配拍摄角度/景别"
"brand-editorial","品牌商业人像","shotAngle","拍摄角度/景别","决定镜头距离、机位、运动方式和画面覆盖范围。","doc-摄影姿势库-汉服-园林汉服-pose-站立持花-md","站立持花姿势","国风/汉服","Obsidian","14","匹配拍摄角度/景别"
"brand-editorial","品牌商业人像","shotAngle","拍摄角度/景别","决定镜头距离、机位、运动方式和画面覆盖范围。","doc-摄影姿势库-汉服-室内汉服-pose-侧坐案前-md","侧坐案前姿势","国风/汉服","Obsidian","14","匹配拍摄角度/景别"
"brand-editorial","品牌商业人像","poseGuide","姿势引导","现场给模特说什么、身体怎么摆、动作怎么引导。","doc-摄影姿势库-汉服-园林汉服-00-园林汉服姿势库-md","汉服园林拍照姿势库","国风/汉服","Obsidian","24","匹配姿势引导"
"brand-editorial","品牌商业人像","poseGuide","姿势引导","现场给模特说什么、身体怎么摆、动作怎么引导。","doc-摄影姿势库-汉服-园林汉服-pose-回眸侧身-md","回眸侧身姿势","国风/汉服","Obsidian","21","匹配姿势引导"
"brand-editorial","品牌商业人像","poseGuide","姿势引导","现场给模特说什么、身体怎么摆、动作怎么引导。","doc-摄影姿势库-姿势示意图-readme-真实参考-md","README_真实参考","姿势/引导","Obsidian","20","匹配姿势引导"
"brand-editorial","品牌商业人像","poseGuide","姿势引导","现场给模特说什么、身体怎么摆、动作怎么引导。","asset-摄影姿势库-姿势示意图-站姿-03-回眸站-png","03_回眸站","姿势/引导","本地素材","20","匹配姿势引导"
"brand-editorial","品牌商业人像","poseGuide","姿势引导","现场给模特说什么、身体怎么摆、动作怎么引导。","doc-摄影姿势库-汉服-室内汉服-00-室内汉服姿势库-md","汉服室内拍照姿势库","国风/汉服","Obsidian","18","匹配姿势引导"
"brand-editorial","品牌商业人像","poseGuide","姿势引导","现场给模特说什么、身体怎么摆、动作怎么引导。","00-小红书收藏-设计专辑-7-个-vibecoder-都应该知道的网站-5","7 个 vibecoder 都应该知道的网站","姿势/引导","小红书/Obsidian","17","匹配姿势引导"
"brand-editorial","品牌商业人像","composition","构图","选择三分、居中、线条、留白、前后景层次等构图策略。","pose-侧坐案前-条目-5-5","条目 5","国风/汉服","Obsidian","11","匹配构图"
"brand-editorial","品牌商业人像","composition","构图","选择三分、居中、线条、留白、前后景层次等构图策略。","huaban","花瓣网","灵感板/视觉风格","花瓣","6","命中选题关键词/场景；匹配构图；高优先级参考"
"brand-editorial","品牌商业人像","composition","构图","选择三分、居中、线条、留白、前后景层次等构图策略。","00-小红书收藏-拍摄专辑-存一些拍花技巧-9个万能构图技巧-姿势-12","存一些拍花技巧📷 9个万能构图技巧➕姿势","姿势/引导","小红书/Obsidian","6","命中选题关键词/场景；匹配构图；高优先级参考"
"brand-editorial","品牌商业人像","composition","构图","选择三分、居中、线条、留白、前后景层次等构图策略。","00-笔记索引-人像摄影16种构图及拍摄思路-36","📸人像摄影16种构图及拍摄思路","构图/技巧","小红书/Obsidian","6","命中选题关键词/场景；匹配构图；高优先级参考"
"brand-editorial","品牌商业人像","composition","构图","选择三分、居中、线条、留白、前后景层次等构图策略。","00-小红书收藏-拍摄专辑-存一些拍蓝花楹技巧-9个万能构图-姿势-24","存一些拍蓝花楹技巧📷 9个万能构图➕姿势","姿势/引导","小红书/Obsidian","6","命中选题关键词/场景；匹配构图；高优先级参考"
"brand-editorial","品牌商业人像","composition","构图","选择三分、居中、线条、留白、前后景层次等构图策略。","00-小红书收藏-拍摄专辑-拍花学会这7-个万能技巧和构图就够了-27","拍花学会这7️⃣个万能技巧和构图就够了","构图/技巧","小红书/Obsidian","6","命中选题关键词/场景；匹配构图；高优先级参考"
"brand-editorial","品牌商业人像","lighting","光线","决定自然光、窗边光、逆光、夜景霓虹、光影对比等现场条件。","doc-摄影姿势库-拍摄指南-小清新少女风拍摄手册-md","小清新少女风拍摄手册","姿势/引导","Obsidian","4","命中选题关键词/场景；匹配光线；高优先级参考"
"brand-editorial","品牌商业人像","lighting","光线","决定自然光、窗边光、逆光、夜景霓虹、光影对比等现场条件。","00-笔记索引-如何在光影下拍出动感大片-22","如何在光影下拍出动感大片？","构图/技巧","小红书/Obsidian","3","匹配光线"
"brand-editorial","品牌商业人像","lighting","光线","决定自然光、窗边光、逆光、夜景霓虹、光影对比等现场条件。","00-笔记索引-阳光下的活人感大片-24","阳光下的活人感大片！","综合参考","小红书/Obsidian","3","匹配光线"
"brand-editorial","品牌商业人像","lighting","光线","决定自然光、窗边光、逆光、夜景霓虹、光影对比等现场条件。","00-笔记索引-用全屏-live-走进我的夏日阳光农场-27","用全屏 live 走进我的夏日阳光农场🏡","综合参考","小红书/Obsidian","3","匹配光线"
"brand-editorial","品牌商业人像","lighting","光线","决定自然光、窗边光、逆光、夜景霓虹、光影对比等现场条件。","小清新少女风拍摄手册-条目-2-2","条目 2","姿势/引导","Obsidian","3","匹配光线"
"brand-editorial","品牌商业人像","lighting","光线","决定自然光、窗边光、逆光、夜景霓虹、光影对比等现场条件。","doc-摄影姿势库-汉服-园林汉服-pose-回眸侧身-md","回眸侧身姿势","国风/汉服","Obsidian","3","匹配光线"
"brand-editorial","品牌商业人像","colorLut","LUT/调色","只放调色、胶片、LUT、色彩管线和后期相关内容。","00-小红书收藏-拍摄专辑-当我通过colorwalk去拍照-就会得到-33","当我通过colorwalk去拍照 🌼就会得到...","调色/后期","小红书/Obsidian","22","匹配LUT/调色"
"brand-editorial","品牌商业人像","colorLut","LUT/调色","只放调色、胶片、LUT、色彩管线和后期相关内容。","00-笔记索引-用colorfit给夏天点颜色瞧瞧-32","用colorfit给夏天点颜色瞧瞧‼️","调色/后期","小红书/Obsidian","22","匹配LUT/调色"
"brand-editorial","品牌商业人像","colorLut","LUT/调色","只放调色、胶片、LUT、色彩管线和后期相关内容。","00-小红书收藏-调色专辑-私藏干货-日系漫画调色参数分享-1","私藏干货！日系漫画调色参数分享✨","调色/后期","小红书/Obsidian","22","匹配LUT/调色"
"brand-editorial","品牌商业人像","publishingCopy","发布/SEO文案","标题、封面字、正文结构、平台关键词和发布角度。","xiaohongshu","小红书","中文案例/拍摄过程","小红书","21","命中选题关键词/场景；匹配发布/SEO文案；高优先级参考"
"brand-editorial","品牌商业人像","publishingCopy","发布/SEO文案","标题、封面字、正文结构、平台关键词和发布角度。","00-笔记索引-朋友圈吃不了的细糠-小红书也吃不了-42","朋友圈吃不了的细糠，小红书也吃不了","综合参考","小红书/Obsidian","9","匹配发布/SEO文案"
"brand-editorial","品牌商业人像","publishingCopy","发布/SEO文案","标题、封面字、正文结构、平台关键词和发布角度。","00-小红书收藏-拍摄专辑-拍成这样可以收1-9-9-吗-54","拍成这样可以收1️⃣9️⃣9️⃣吗？","综合参考","小红书/Obsidian","9","命中选题关键词/场景；匹配发布/SEO文案"
"brand-editorial","品牌商业人像","publishingCopy","发布/SEO文案","标题、封面字、正文结构、平台关键词和发布角度。","behance","Behance","海外商业作品","Behance","7","命中选题关键词/场景；高优先级参考"
"brand-editorial","品牌商业人像","publishingCopy","发布/SEO文案","标题、封面字、正文结构、平台关键词和发布角度。","00-小红书收藏-拍摄专辑-存一些生命力溢出屏幕的拍照姿势-1","存一些生命力溢出屏幕的拍照姿势 🏔️","姿势/引导","小红书/Obsidian","7","命中选题关键词/场景；匹配发布/SEO文案；高优先级参考"
"brand-editorial","品牌商业人像","publishingCopy","发布/SEO文案","标题、封面字、正文结构、平台关键词和发布角度。","00-小红书收藏-拍摄专辑-存一些浪漫生命力拍照姿势-明媚而自由-6","存一些浪漫生命力拍照姿势！明媚而自由","姿势/引导","小红书/Obsidian","7","命中选题关键词/场景；匹配发布/SEO文案；高优先级参考"
"wedding-documentary","婚礼纪实故事","materialReference","素材参考","图片、视频、平台链接和本地示例图，只负责看画面/找素材，不承担姿势或调色决策。","pexels","Pexels","免费商用图片/视频","Pexels","15","命中选题关键词/场景；匹配素材参考；高优先级参考"
"wedding-documentary","婚礼纪实故事","materialReference","素材参考","图片、视频、平台链接和本地示例图，只负责看画面/找素材，不承担姿势或调色决策。","pixabay","Pixabay","免费商用图片/视频","Pixabay","15","命中选题关键词/场景；匹配素材参考；高优先级参考"
"wedding-documentary","婚礼纪实故事","materialReference","素材参考","图片、视频、平台链接和本地示例图，只负责看画面/找素材，不承担姿势或调色决策。","flickr-cc","Flickr Creative Commons","授权可筛选图片","Flickr","15","命中选题关键词/场景；匹配素材参考；高优先级参考"
"wedding-documentary","婚礼纪实故事","materialReference","素材参考","图片、视频、平台链接和本地示例图，只负责看画面/找素材，不承担姿势或调色决策。","asset-摄影姿势库-汉服-园林汉服-示例图-pose-01-jpg","pose_01","国风/汉服","本地素材","14","匹配素材参考"
"wedding-documentary","婚礼纪实故事","materialReference","素材参考","图片、视频、平台链接和本地示例图，只负责看画面/找素材，不承担姿势或调色决策。","asset-摄影姿势库-汉服-园林汉服-示例图-pose-02-jpg","pose_02","国风/汉服","本地素材","14","匹配素材参考"
"wedding-documentary","婚礼纪实故事","materialReference","素材参考","图片、视频、平台链接和本地示例图，只负责看画面/找素材，不承担姿势或调色决策。","asset-摄影姿势库-汉服-园林汉服-示例图-pose-03-jpg","pose_03","国风/汉服","本地素材","14","匹配素材参考"
"wedding-documentary","婚礼纪实故事","materialReference","素材参考","图片、视频、平台链接和本地示例图，只负责看画面/找素材，不承担姿势或调色决策。","asset-摄影姿势库-汉服-园林汉服-示例图-pose-04-jpg","pose_04","国风/汉服","本地素材","14","匹配素材参考"
"wedding-documentary","婚礼纪实故事","materialReference","素材参考","图片、视频、平台链接和本地示例图，只负责看画面/找素材，不承担姿势或调色决策。","asset-摄影姿势库-姿势示意图-坐姿-04-台阶坐姿-png","04_台阶坐姿","姿势/引导","本地素材","11","匹配素材参考"
"wedding-documentary","婚礼纪实故事","materialReference","素材参考","图片、视频、平台链接和本地示例图，只负责看画面/找素材，不承担姿势或调色决策。","asset-摄影姿势库-姿势示意图-坐姿-pexels-03-台阶坐-jpg","pexels_03_台阶坐","姿势/引导","本地素材","11","匹配素材参考"
"wedding-documentary","婚礼纪实故事","materialReference","素材参考","图片、视频、平台链接和本地示例图，只负责看画面/找素材，不承担姿势或调色决策。","asset-摄影姿势库-姿势示意图-坐姿-pexels-06-阳光台阶-jpg","pexels_06_阳光台阶","姿势/引导","本地素材","11","匹配素材参考"
"wedding-documentary","婚礼纪实故事","shotAngle","拍摄角度/景别","决定镜头距离、机位、运动方式和画面覆盖范围。","doc-摄影姿势库-汉服-园林汉服-pose-回眸侧身-md","回眸侧身姿势","国风/汉服","Obsidian","19","匹配拍摄角度/景别"
"wedding-documentary","婚礼纪实故事","shotAngle","拍摄角度/景别","决定镜头距离、机位、运动方式和画面覆盖范围。","doc-摄影姿势库-汉服-园林汉服-00-园林汉服姿势库-md","汉服园林拍照姿势库","国风/汉服","Obsidian","14","匹配拍摄角度/景别"
"wedding-documentary","婚礼纪实故事","shotAngle","拍摄角度/景别","决定镜头距离、机位、运动方式和画面覆盖范围。","pose-回眸侧身-条目-1-1","条目 1","国风/汉服","Obsidian","14","匹配拍摄角度/景别"
"wedding-documentary","婚礼纪实故事","shotAngle","拍摄角度/景别","决定镜头距离、机位、运动方式和画面覆盖范围。","pose-侧坐案前-条目-5-5","条目 5","国风/汉服","Obsidian","14","匹配拍摄角度/景别"
"wedding-documentary","婚礼纪实故事","shotAngle","拍摄角度/景别","决定镜头距离、机位、运动方式和画面覆盖范围。","doc-摄影姿势库-汉服-园林汉服-pose-站立持花-md","站立持花姿势","国风/汉服","Obsidian","14","匹配拍摄角度/景别"
"wedding-documentary","婚礼纪实故事","shotAngle","拍摄角度/景别","决定镜头距离、机位、运动方式和画面覆盖范围。","doc-摄影姿势库-汉服-室内汉服-pose-侧坐案前-md","侧坐案前姿势","国风/汉服","Obsidian","14","匹配拍摄角度/景别"
"wedding-documentary","婚礼纪实故事","poseGuide","姿势引导","现场给模特说什么、身体怎么摆、动作怎么引导。","doc-摄影姿势库-汉服-园林汉服-00-园林汉服姿势库-md","汉服园林拍照姿势库","国风/汉服","Obsidian","24","匹配姿势引导"
"wedding-documentary","婚礼纪实故事","poseGuide","姿势引导","现场给模特说什么、身体怎么摆、动作怎么引导。","doc-摄影姿势库-汉服-园林汉服-pose-回眸侧身-md","回眸侧身姿势","国风/汉服","Obsidian","21","匹配姿势引导"
"wedding-documentary","婚礼纪实故事","poseGuide","姿势引导","现场给模特说什么、身体怎么摆、动作怎么引导。","doc-摄影姿势库-姿势示意图-readme-真实参考-md","README_真实参考","姿势/引导","Obsidian","20","匹配姿势引导"
"wedding-documentary","婚礼纪实故事","poseGuide","姿势引导","现场给模特说什么、身体怎么摆、动作怎么引导。","asset-摄影姿势库-姿势示意图-站姿-03-回眸站-png","03_回眸站","姿势/引导","本地素材","20","匹配姿势引导"
"wedding-documentary","婚礼纪实故事","poseGuide","姿势引导","现场给模特说什么、身体怎么摆、动作怎么引导。","doc-摄影姿势库-汉服-室内汉服-00-室内汉服姿势库-md","汉服室内拍照姿势库","国风/汉服","Obsidian","18","匹配姿势引导"
"wedding-documentary","婚礼纪实故事","poseGuide","姿势引导","现场给模特说什么、身体怎么摆、动作怎么引导。","00-小红书收藏-设计专辑-7-个-vibecoder-都应该知道的网站-5","7 个 vibecoder 都应该知道的网站","姿势/引导","小红书/Obsidian","17","匹配姿势引导"
"wedding-documentary","婚礼纪实故事","composition","构图","选择三分、居中、线条、留白、前后景层次等构图策略。","pose-侧坐案前-条目-5-5","条目 5","国风/汉服","Obsidian","11","匹配构图"
"wedding-documentary","婚礼纪实故事","composition","构图","选择三分、居中、线条、留白、前后景层次等构图策略。","huaban","花瓣网","灵感板/视觉风格","花瓣","6","命中选题关键词/场景；匹配构图；高优先级参考"
"wedding-documentary","婚礼纪实故事","composition","构图","选择三分、居中、线条、留白、前后景层次等构图策略。","00-小红书收藏-拍摄专辑-存一些拍花技巧-9个万能构图技巧-姿势-12","存一些拍花技巧📷 9个万能构图技巧➕姿势","姿势/引导","小红书/Obsidian","6","命中选题关键词/场景；匹配构图；高优先级参考"
"wedding-documentary","婚礼纪实故事","composition","构图","选择三分、居中、线条、留白、前后景层次等构图策略。","00-笔记索引-人像摄影16种构图及拍摄思路-36","📸人像摄影16种构图及拍摄思路","构图/技巧","小红书/Obsidian","6","命中选题关键词/场景；匹配构图；高优先级参考"
"wedding-documentary","婚礼纪实故事","composition","构图","选择三分、居中、线条、留白、前后景层次等构图策略。","00-小红书收藏-拍摄专辑-存一些拍蓝花楹技巧-9个万能构图-姿势-24","存一些拍蓝花楹技巧📷 9个万能构图➕姿势","姿势/引导","小红书/Obsidian","6","命中选题关键词/场景；匹配构图；高优先级参考"
"wedding-documentary","婚礼纪实故事","composition","构图","选择三分、居中、线条、留白、前后景层次等构图策略。","00-小红书收藏-拍摄专辑-拍花学会这7-个万能技巧和构图就够了-27","拍花学会这7️⃣个万能技巧和构图就够了","构图/技巧","小红书/Obsidian","6","命中选题关键词/场景；匹配构图；高优先级参考"
"wedding-documentary","婚礼纪实故事","lighting","光线","决定自然光、窗边光、逆光、夜景霓虹、光影对比等现场条件。","doc-摄影姿势库-拍摄指南-小清新少女风拍摄手册-md","小清新少女风拍摄手册","姿势/引导","Obsidian","4","命中选题关键词/场景；匹配光线；高优先级参考"
"wedding-documentary","婚礼纪实故事","lighting","光线","决定自然光、窗边光、逆光、夜景霓虹、光影对比等现场条件。","00-笔记索引-如何在光影下拍出动感大片-22","如何在光影下拍出动感大片？","构图/技巧","小红书/Obsidian","3","匹配光线"
"wedding-documentary","婚礼纪实故事","lighting","光线","决定自然光、窗边光、逆光、夜景霓虹、光影对比等现场条件。","00-笔记索引-阳光下的活人感大片-24","阳光下的活人感大片！","综合参考","小红书/Obsidian","3","匹配光线"
"wedding-documentary","婚礼纪实故事","lighting","光线","决定自然光、窗边光、逆光、夜景霓虹、光影对比等现场条件。","00-笔记索引-用全屏-live-走进我的夏日阳光农场-27","用全屏 live 走进我的夏日阳光农场🏡","综合参考","小红书/Obsidian","3","匹配光线"
"wedding-documentary","婚礼纪实故事","lighting","光线","决定自然光、窗边光、逆光、夜景霓虹、光影对比等现场条件。","小清新少女风拍摄手册-条目-2-2","条目 2","姿势/引导","Obsidian","3","匹配光线"
"wedding-documentary","婚礼纪实故事","lighting","光线","决定自然光、窗边光、逆光、夜景霓虹、光影对比等现场条件。","doc-摄影姿势库-汉服-园林汉服-pose-回眸侧身-md","回眸侧身姿势","国风/汉服","Obsidian","3","匹配光线"
"wedding-documentary","婚礼纪实故事","colorLut","LUT/调色","只放调色、胶片、LUT、色彩管线和后期相关内容。","00-小红书收藏-拍摄专辑-当我通过colorwalk去拍照-就会得到-33","当我通过colorwalk去拍照 🌼就会得到...","调色/后期","小红书/Obsidian","22","匹配LUT/调色"
"wedding-documentary","婚礼纪实故事","colorLut","LUT/调色","只放调色、胶片、LUT、色彩管线和后期相关内容。","00-笔记索引-用colorfit给夏天点颜色瞧瞧-32","用colorfit给夏天点颜色瞧瞧‼️","调色/后期","小红书/Obsidian","22","匹配LUT/调色"
"wedding-documentary","婚礼纪实故事","colorLut","LUT/调色","只放调色、胶片、LUT、色彩管线和后期相关内容。","00-小红书收藏-调色专辑-私藏干货-日系漫画调色参数分享-1","私藏干货！日系漫画调色参数分享✨","调色/后期","小红书/Obsidian","22","匹配LUT/调色"
"wedding-documentary","婚礼纪实故事","publishingCopy","发布/SEO文案","标题、封面字、正文结构、平台关键词和发布角度。","xiaohongshu","小红书","中文案例/拍摄过程","小红书","21","命中选题关键词/场景；匹配发布/SEO文案；高优先级参考"
"wedding-documentary","婚礼纪实故事","publishingCopy","发布/SEO文案","标题、封面字、正文结构、平台关键词和发布角度。","00-笔记索引-朋友圈吃不了的细糠-小红书也吃不了-42","朋友圈吃不了的细糠，小红书也吃不了","综合参考","小红书/Obsidian","9","匹配发布/SEO文案"
"wedding-documentary","婚礼纪实故事","publishingCopy","发布/SEO文案","标题、封面字、正文结构、平台关键词和发布角度。","00-小红书收藏-拍摄专辑-存一些生命力溢出屏幕的拍照姿势-1","存一些生命力溢出屏幕的拍照姿势 🏔️","姿势/引导","小红书/Obsidian","7","命中选题关键词/场景；匹配发布/SEO文案；高优先级参考"
"wedding-documentary","婚礼纪实故事","publishingCopy","发布/SEO文案","标题、封面字、正文结构、平台关键词和发布角度。","00-小红书收藏-拍摄专辑-存一些浪漫生命力拍照姿势-明媚而自由-6","存一些浪漫生命力拍照姿势！明媚而自由","姿势/引导","小红书/Obsidian","7","命中选题关键词/场景；匹配发布/SEO文案；高优先级参考"
"wedding-documentary","婚礼纪实故事","publishingCopy","发布/SEO文案","标题、封面字、正文结构、平台关键词和发布角度。","00-小红书收藏-拍摄专辑-存一些拍花技巧-9个万能构图技巧-姿势-12","存一些拍花技巧📷 9个万能构图技巧➕姿势","姿势/引导","小红书/Obsidian","7","命中选题关键词/场景；匹配发布/SEO文案；高优先级参考"
"wedding-documentary","婚礼纪实故事","publishingCopy","发布/SEO文案","标题、封面字、正文结构、平台关键词和发布角度。","00-小红书收藏-拍摄专辑-蔷薇花墙拍照太绝了-电影感写真这样拍-14","📸蔷薇花墙拍照太绝了！电影感写真这样拍🎞️","视频拍摄","小红书/Obsidian","7","命中选题关键词/场景；匹配发布/SEO文案；高优先级参考"